50
5.121 1.513
8.477 1.384
1.408 5.027
3.107 6.294
2.174 1.351
1.007 2.058
7.131 1.820
0.651 8.253
9.337 4.746
7.194 1.318
3.604 4.636
7.799 1.173
3.478 3.617
5.010 3.202
7.486 3.469
9.298 6.493
0.079 9.650
5.043 7.910
1.179 3.733
9.897 1.414
4.528 7.375
9.275 8.505
5.205 1.477
8.467 8.840
6.480 5.499
2.026 1.282
3.542 5.197
0.986 4.902
9.989 9.852
9.441 9.136
8.742 9.052
0.460 6.341
8.952 0.390
5.749 3.912
7.079 8.633
0.173 1.381
3.711 1.318
3.827 1.175
3.640 1.969
2.981 0.753
3.009 4.281
1.316 3.692
0.608 6.500
4.562 1.726
7.508 9.817
1.087 4.596
0.514 7.244
8.822 2.748
4.765 3.281
9.426 7.050
12
R 8.444 6.876 5.976 7.928
N 2.463 5.294
R 0.746 4.255 9.151 3.939
N 8.119 0.110
R 6.557 1.117 8.904 1.692
N 0.307 0.371
R 5.156 5.956 9.638 9.564
N 0.267 0.840
R 9.197 5.571 3.285 3.301
N 1.985 0.756
R 6.643 2.678 8.565 5.785
N 9.819 7.986
