104 104
0 108
1 34
0 148
0 43
0 1
0 190
2 137
2 181
0 152
1 117
0 192
2 161
2 38
2 84
1 161
0 44
0 24
0 22
0 147
0 186
2 180
2 44
0 44
1 182
1 112
0 135
0 107
2 16
1 85
0 52
2 170
0 19
2 116
0 19
2 135
1 86
1 117
1 192
0 134
0 36
1 44
1 81
0 205
1 86
1 127
0 144
0 132
0 16
2 114
1 154
2 20
0 21
1 98
2 12
0 128
0 196
2 196
2 4
2 132
1 50
0 9
0 170
2 158
1 87
1 11
2 144
2 79
0 30
2 33
1 92
0 43
0 48
0 10
1 156
0 78
1 46
2 207
0 53
1 71
2 86
0 93
1 0
0 124
2 123
2 115
1 30
0 107
1 202
2 163
2 46
2 48
1 100
0 21
0 73
0 129
0 159
1 86
2 194
1 106
1 68
0 123
0 154
2 63
0 48
