10004 10004
1 17323
0 18977
0 2223
2 14950
2 19432
0 10748
2 17077
1 18125
0 1743
0 2026
2 8609
2 19641
0 13473
1 1022
2 19682
0 3411
1 19443
0 11386
2 7979
1 102
1 5260
1 14656
2 8276
2 14935
0 13924
1 7649
1 17595
1 13730
2 6212
1 5735
1 15899
2 1160
0 12939
2 738
1 10441
0 4432
0 12189
1 17706
0 5169
2 17788
0 19215
1 11547
1 2170
0 3599
1 18251
2 8030
1 15390
0 1234
0 18697
1 17682
2 8853
0 17656
2 2729
1 6929
2 10549
1 4053
0 3204
2 17883
1 16293
0 13583
1 1173
2 16776
2 2510
2 13881
0 11365
0 10696
2 5268
1 5835
2 7737
1 3606
1 3783
1 16413
1 12892
2 7118
2 18200
1 3869
1 14843
1 7180
2 4872
1 5891
1 17635
1 17882
1 14362
1 9299
1 16292
0 9057
2 2210
0 9982
1 10767
0 8167
2 7427
1 16680
2 6400
1 3546
1 13279
0 10140
0 821
1 11133
0 13852
2 10223
0 258
1 6138
0 13207
2 1838
0 4238
1 15829
0 16207
1 1734
0 8978
0 4104
2 8483
1 12467
1 16383
1 5822
2 10692
0 2042
1 5522
1 15910
2 2132
1 6730
0 16795
2 15954
0 14504
1 1460
2 10784
2 15264
0 9075
1 19268
1 4995
0 9801
2 14489
0 4263
0 10582
0 14216
1 3934
0 14225
2 6372
2 17972
2 12916
0 15607
2 12438
0 6790
2 1840
1 5838
1 14598
0 17121
1 9588
2 2437
2 4972
0 2981
2 14733
1 10022
2 15192
1 14161
0 5930
1 19402
2 11827
1 9775
0 5112
2 399
0 6857
2 14835
1 1525
1 4930
2 5986
1 2490
1 7564
0 1484
1 172
1 6134
1 8799
0 15969
1 9557
0 91
0 11786
0 15691
2 14724
1 2264
0 948
1 13600
1 16985
1 5421
0 17516
2 16343
1 5737
2 11284
2 19982
2 1833
2 8856
1 16940
2 13639
0 15003
0 1706
1 6216
1 9869
2 16240
0 14964
0 2775
0 6999
0 16780
1 13487
2 5228
1 5533
2 581
2 6349
2 8379
2 2183
2 5763
1 1572
1 15591
2 16638
2 8798
1 1116
0 16488
2 15267
0 1692
2 7379
0 304
0 19671
0 2120
1 19983
0 474
0 6864
0 6856
1 1074
2 14395
1 1158
2 18933
2 16941
0 12305
2 13214
0 3967
0 18485
2 9244
1 17008
0 1697
0 18781
2 17196
1 7992
1 11204
1 10572
0 44
1 3788
0 14289
2 4510
1 7726
0 16347
0 10537
2 4937
0 12896
0 14149
2 14146
0 14748
2 14548
2 10630
1 5294
1 5106
1 7064
1 18704
0 5687
0 14349
1 1618
0 12655
0 1085
1 17949
2 16453
0 15125
1 7755
2 15087
2 9438
1 14473
0 1644
0 14422
0 13051
0 853
0 7987
2 10906
2 3574
0 17065
2 14505
0 16237
0 15515
2 4623
2 1640
1 13323
2 6559
1 9390
2 1078
1 16571
0 12595
0 2861
1 736
0 5841
1 10924
0 15277
1 16087
0 19575
1 4718
0 8370
1 10643
0 100
1 10312
2 15669
1 17212
2 6374
1 11757
0 7586
2 12963
1 7648
0 17350
2 18503
1 10040
1 13195
2 3143
2 8649
1 2845
1 3191
2 19604
2 4884
1 10842
0 15991
2 9269
0 8281
2 7056
2 5965
0 8433
2 18322
2 3172
0 14046
0 7288
0 9021
2 17593
0 5717
2 16146
0 4192
2 5797
2 15466
1 9038
0 7859
1 18167
0 7844
2 13871
2 66
1 19616
1 10081
2 11453
2 15378
2 8607
0 5383
1 10661
0 6511
0 480
0 12467
2 6370
1 4928
1 6168
2 492
1 15248
0 865
1 5698
1 3276
2 8228
1 15747
1 19513
2 10799
1 15628
0 13673
1 5665
0 11760
2 6085
2 4662
0 18702
2 7646
0 12066
0 15785
1 8284
2 15100
1 562
1 19064
2 14744
1 11112
2 1649
1 10463
0 14857
1 3335
1 19903
2 13869
2 8338
1 15880
2 11291
2 18078
1 13683
1 1174
2 19037
2 5023
1 14739
0 18313
2 19951
0 19506
2 9635
2 6847
2 7855
1 17055
0 10665
0 2915
0 9212
1 8792
2 10087
0 18750
0 16477
2 11445
2 16444
0 4824
2 7586
1 13794
0 18459
1 5595
1 9656
0 11233
1 13018
0 13034
0 19685
2 5340
0 13850
0 14792
0 15285
2 8215
0 12176
1 911
0 12555
2 14284
0 17180
2 9567
1 5292
2 16680
2 6984
0 2431
1 399
0 17426
0 15841
1 12270
1 5219
1 18484
1 18326
1 6289
1 14517
2 4111
2 4830
1 19053
1 13973
1 14014
0 12428
0 10116
0 8012
0 17469
0 14725
0 11349
0 3175
1 7151
0 4670
1 1993
0 3488
1 6655
0 10579
0 1477
0 19969
0 15819
2 7083
1 6950
1 19792
2 1286
2 11173
0 15946
1 8276
1 2221
0 6730
0 16288
1 3192
2 15449
0 5967
2 917
2 19853
2 1805
2 18626
1 19661
0 11350
2 5396
0 7489
2 1932
1 7401
2 17367
1 19183
2 2719
0 11385
2 12205
2 15982
0 8752
0 12709
1 2510
1 9450
0 5683
2 17504
1 820
0 5107
1 15729
0 19210
2 10364
1 12875
0 1639
1 8431
0 16717
1 6899
2 12658
1 2599
0 14361
0 17932
0 1838
1 3874
2 18309
2 12450
1 16262
1 19422
2 5520
0 18999
1 17220
2 2870
1 4821
0 4961
0 6764
2 11283
1 10483
1 7600
1 15935
0 10646
0 11494
1 11136
0 15399
1 17859
1 9976
0 17762
0 11374
0 7166
2 19556
2 56
2 10890
1 10545
2 13854
1 213
2 13342
1 10333
0 8075
1 7884
2 19914
0 15075
0 8092
1 18819
1 16904
2 19424
1 8460
1 12646
1 16825
2 9332
1 17171
0 18759
0 2659
0 16244
2 10364
2 10541
2 17352
1 9054
2 4786
0 3475
0 12421
0 336
0 13057
2 10059
1 2777
2 117
2 1557
1 4085
1 10064
0 19394
2 17294
0 7344
1 19919
1 4670
2 19411
2 12213
2 18484
1 13573
1 3921
2 12506
1 5677
0 401
2 8456
1 12627
1 18835
0 19186
2 13422
2 17069
2 8333
1 16479
2 14865
2 19554
1 1888
0 1177
1 19656
1 5282
2 381
2 13670
2 12363
2 7344
1 11015
0 19955
0 13029
2 2985
1 16509
2 7192
0 5158
1 10319
2 372
0 15927
1 10648
1 234
0 7711
0 18286
1 16147
0 6462
1 19741
2 18694
1 2081
0 18564
1 3019
1 2352
0 5945
1 11726
2 10174
2 17869
0 2838
0 144
1 18548
1 18290
0 6771
0 11223
0 15432
1 19210
2 8316
1 1939
2 7515
1 5652
1 9153
2 13129
0 18253
0 123
1 8800
0 8284
1 12948
0 16864
1 2319
0 17103
2 1584
0 13352
2 17773
1 16002
1 5937
2 6607
2 17702
1 4040
1 11363
1 1423
2 599
2 17380
0 9413
0 15241
0 16231
1 9444
2 18695
0 13208
2 8577
0 13397
1 4518
2 15656
1 10501
2 7256
1 4371
0 13983
2 2265
0 4805
2 11299
1 7291
0 7753
2 8956
1 7445
1 9800
2 6170
0 8922
0 1907
2 18963
2 4997
1 9184
1 16021
1 6913
2 16379
2 10894
2 14898
2 11686
1 4243
1 16578
1 19285
1 3043
0 15824
0 5283
1 14072
1 4359
1 12140
1 2975
2 2841
0 16771
2 4653
0 3135
1 16218
0 8864
1 8300
2 5657
0 18758
1 11620
0 16426
2 9063
1 1644
2 4072
1 19780
2 7777
0 14808
1 1838
1 14631
0 7359
1 14200
1 4309
2 15668
1 17262
0 8858
2 19559
1 17139
0 17214
2 173
1 19225
1 3960
1 5514
0 17033
1 10476
1 9585
1 6700
0 8508
1 3996
2 6450
2 5362
2 18739
0 12306
1 15030
1 7947
0 1529
1 9490
2 9531
2 5875
0 9921
2 10006
1 9124
2 7609
1 19213
2 18068
0 15180
2 19841
1 6280
2 8937
0 12546
1 12104
1 14433
0 11757
0 3204
0 18195
1 18364
2 5439
0 7277
1 13840
2 16885
1 7419
0 19988
2 4873
0 17357
0 14414
2 19910
1 8889
0 19474
1 14014
1 7865
2 6778
1 17335
2 18431
1 3049
2 5634
0 281
1 7787
0 3722
0 5013
1 8030
1 15638
1 14696
1 9098
0 18887
2 9195
1 4110
2 7875
1 8607
2 742
0 2059
2 13198
2 2755
2 12441
1 10551
1 2295
2 6409
2 19604
1 7076
2 3583
2 8983
1 3296
2 15253
2 13575
2 13602
1 2133
1 16377
1 19913
1 6394
0 2750
2 9554
2 15113
0 14772
1 5626
0 9095
0 2597
1 9607
1 1059
0 17299
0 7217
2 1759
1 12199
2 13354
1 6588
1 2419
2 4420
2 9887
1 9772
0 8362
1 4460
2 1179
1 4807
0 8641
2 1666
1 11059
2 13445
1 17216
0 17079
1 2086
2 387
0 14983
2 18968
2 4042
2 17524
1 9305
0 1901
2 1161
1 16122
1 14090
0 6786
1 10258
0 19950
0 15971
0 6799
1 18068
0 18567
1 15593
2 4615
2 14673
2 13212
0 11035
1 5561
1 19389
2 18395
2 12846
1 5114
1 12819
2 11293
1 6045
1 13543
1 6530
1 18379
1 16737
2 10272
0 1367
0 18456
2 6378
1 12499
0 11338
1 8161
1 750
0 5401
0 14825
2 19617
1 13627
0 4364
0 17089
0 12471
2 18491
2 8738
2 7073
2 19361
0 12205
2 18187
0 3626
1 6307
2 1839
0 5878
0 18166
2 17628
1 11113
2 1535
1 19508
1 2327
0 14060
1 16774
1 9678
0 19667
1 15738
2 2210
0 7108
0 3333
1 11505
2 2077
2 15748
1 11264
2 7727
2 11043
0 11795
0 18619
2 9656
1 12753
0 1742
0 17679
1 18416
1 15600
1 17674
1 11550
2 8212
0 3571
0 9269
1 2011
2 3222
2 13284
1 14242
1 19081
0 11833
0 18815
1 16036
2 7720
0 13013
0 2497
1 17090
0 16991
2 12966
2 1185
0 18519
2 1326
0 12155
2 4381
2 1983
0 15337
1 5359
2 2578
2 3624
2 2971
1 19850
2 10519
1 1745
2 7855
2 12128
2 12974
2 15489
0 13949
0 2299
0 5528
2 7633
0 16633
2 19181
0 18629
1 1231
2 10785
2 18939
1 14004
1 4285
0 11205
0 3070
0 14184
1 6042
0 19365
2 13798
0 15680
0 14631
0 5480
1 10919
0 17120
2 16822
2 12071
2 6942
0 3075
1 15546
2 12653
0 1451
2 16891
2 1161
2 471
0 2735
1 1478
0 8454
0 6487
1 10123
0 4796
0 9829
2 7643
0 14076
2 2293
1 13697
1 18064
2 18442
2 5519
1 1699
0 2069
0 7747
0 921
0 10431
2 13262
0 16853
0 8498
0 11482
2 6641
2 9240
1 18070
2 9358
0 19964
1 16538
0 1102
2 6621
2 5818
1 3515
0 19319
0 15757
1 11441
2 3607
0 826
1 12708
1 14207
1 13136
2 14356
0 18178
1 7425
1 16514
1 7987
1 7270
0 5527
0 165
2 15989
1 15817
1 11743
0 14088
2 16209
0 10777
0 13145
2 2287
0 14068
0 7018
2 11892
1 15377
1 13514
1 7121
0 16844
0 11250
0 16095
1 10945
2 15336
1 12426
0 18916
1 5798
2 10501
2 19126
1 507
2 13501
1 7757
1 3575
2 15303
0 1362
0 1461
0 13429
2 18954
0 4685
1 12984
0 3386
1 13880
2 1848
1 5187
0 3167
0 6016
2 6378
2 19601
0 3669
2 2493
1 7380
0 7858
2 6633
1 12046
0 8419
1 16580
2 1942
1 2262
0 5979
2 9446
2 17126
0 18384
0 18440
1 11073
2 19836
2 2853
1 1267
2 10207
0 4715
2 5571
2 7560
0 8359
2 9442
2 11959
0 3286
0 12851
2 6213
1 2996
1 19792
2 3184
1 3662
2 522
2 6340
0 2743
0 13907
0 8273
0 12633
0 4775
0 11349
0 10669
1 4682
0 973
0 1553
2 7391
1 11847
1 1805
2 3198
0 14963
2 19861
0 13905
0 7639
0 6621
2 15381
2 13956
0 17837
0 8225
2 19662
2 14878
1 18119
1 11497
2 15224
0 1052
0 12283
0 5877
2 13686
1 3142
0 11455
1 11330
2 17840
1 19361
1 10153
1 13867
2 9909
0 7560
0 18110
1 15291
2 14560
2 3487
1 17398
2 17877
0 16886
2 18084
2 15387
2 864
0 5336
1 2135
1 18560
2 11447
0 3264
1 10101
1 5911
1 3078
0 4141
0 15379
0 3018
0 2147
2 12397
1 786
1 19973
0 13498
2 8287
1 19393
1 2533
1 1892
0 8793
2 11030
2 19458
2 5021
2 4415
0 4866
1 915
0 8911
2 14950
2 1562
1 19162
2 11003
1 8760
1 7896
2 15793
2 13893
2 2494
2 12624
1 15150
0 16379
2 13729
1 4199
1 16398
2 701
1 11176
2 8128
1 3229
0 13
1 14348
1 9281
1 9621
1 1696
2 13621
2 13841
1 866
2 16503
1 7662
0 2699
1 16836
2 16555
1 19008
0 5055
2 7592
1 16585
0 7073
0 15383
0 17344
0 3537
2 3031
0 894
1 15087
1 6634
2 15804
2 14357
0 1863
1 19999
2 4954
0 16582
0 17109
1 17984
2 11133
2 5720
1 15544
2 13746
2 15979
2 3591
1 6945
2 1440
2 8910
2 4689
0 2275
0 17565
2 6271
2 2781
0 17267
2 19355
1 15229
0 13927
1 5404
2 5213
0 13551
0 10335
1 14438
2 12199
1 9429
0 6794
1 7302
2 2543
0 11716
1 2750
1 6906
0 11229
1 14289
0 12371
2 10892
2 15104
0 8290
2 15403
2 15097
0 18180
1 10299
0 9468
1 13395
2 17405
1 16775
1 11158
1 15084
2 2642
2 3936
0 9615
2 10704
1 12463
2 6527
0 10717
0 18972
2 1852
0 1345
2 6867
2 7094
1 15346
0 7709
1 6248
1 11017
1 5973
2 4928
2 19845
1 9186
1 6462
0 7214
1 15924
2 16966
0 3302
1 10096
1 7927
2 16209
2 8592
2 1898
2 14891
2 15446
0 7676
1 2445
0 2850
1 19422
0 1532
1 1499
2 1496
2 4146
0 12458
2 3611
1 7111
1 7827
1 251
0 2430
0 16921
2 15478
0 19710
0 3352
0 13982
2 11621
1 7434
1 4876
1 14272
1 17606
2 9591
2 4237
2 1154
0 8741
1 16886
0 6890
2 11580
0 3432
2 2400
2 3011
1 3684
0 2382
2 4571
0 3503
2 17761
1 8617
2 16906
0 15057
1 833
2 14307
1 11141
0 18448
0 8649
0 4608
1 6723
2 17303
2 7799
1 8339
2 5881
0 19356
0 16719
2 3421
2 14185
1 817
2 13297
0 12858
0 7734
0 9344
0 2475
1 548
1 6061
1 10514
1 18364
0 4327
2 18189
0 719
0 11452
1 15286
0 3356
2 11518
1 14723
0 19073
1 3745
0 17305
1 3977
1 5587
0 17530
0 15856
1 13226
2 10095
0 9581
1 12461
0 10248
1 19943
1 4323
0 7464
0 6728
1 4835
2 11979
0 5131
2 9926
1 18329
1 6379
1 15153
1 16208
0 2724
0 15658
0 4528
1 18236
0 1361
1 501
0 768
0 19214
0 17082
0 6810
0 17354
1 11918
0 1499
1 9277
1 13390
0 6622
1 18292
2 4571
2 16422
1 15143
1 9314
2 1503
2 19854
2 457
0 4395
1 13491
2 3227
0 3021
2 14829
0 2901
2 5162
2 12013
2 9570
2 13394
0 19153
2 16937
2 19644
0 11985
0 12411
2 17301
2 15172
2 1508
0 9916
0 2407
0 1279
1 8596
2 12164
2 13197
1 14204
2 19631
1 18937
0 4907
0 3977
0 7505
2 16023
0 5519
0 19005
0 11458
1 14960
0 2658
2 5533
0 16177
0 19106
2 7242
0 10511
1 3772
1 8643
0 3668
1 789
1 17620
2 6218
0 6872
1 9037
0 16395
1 10652
1 8400
0 541
2 2380
2 7478
1 5104
2 1674
1 11469
0 2006
1 9235
0 1414
2 13777
0 1170
2 1728
2 5374
0 5847
0 8604
1 13511
1 19710
1 17221
1 210
2 11674
0 8034
0 9939
1 2593
2 13535
2 4861
1 10975
0 9363
1 13183
2 14671
1 4209
2 12842
0 7354
0 1568
0 8949
0 14906
2 5032
0 2662
2 18259
2 10926
1 884
2 11118
2 7804
2 7156
2 15245
0 19494
2 13441
0 2446
0 2561
0 4012
0 16192
1 6546
0 13063
2 1868
1 12107
2 9553
1 10664
2 9182
1 11501
0 15078
1 7091
2 14356
2 17476
2 15675
0 4884
0 16122
2 17223
1 2813
1 4632
0 18819
1 16263
2 17815
1 19371
0 15035
0 10808
0 13975
1 10678
2 11990
2 6306
1 19727
0 765
0 1834
1 5008
0 627
2 10747
1 19221
1 6502
1 9006
0 7731
2 4219
1 12304
2 6059
0 19207
2 19025
0 17537
2 15555
0 5568
1 820
1 12082
0 7524
2 19724
2 18716
2 11815
2 18422
0 11846
1 16386
2 12009
2 7700
2 3929
0 6273
2 13482
0 14968
2 323
1 19635
0 14050
0 8905
2 1180
2 19340
0 17810
2 9481
2 4979
2 17614
2 17292
1 18974
0 6503
2 17101
1 16813
0 5537
2 16934
2 2625
1 10732
0 1448
0 7695
0 7608
2 7473
0 1800
2 15233
0 547
1 4830
1 14455
0 14983
0 1935
2 10754
0 4219
0 9175
1 6917
1 5758
2 15092
2 10267
1 15151
0 6245
1 13951
2 1999
0 13181
0 19691
0 9047
1 14190
2 3417
2 12385
2 4727
2 1844
1 19871
0 2526
2 14546
2 19850
1 2110
2 11098
1 7610
2 4694
2 19533
2 9942
0 6966
1 14176
0 18776
0 16002
1 1336
2 6230
1 7278
0 6962
1 9520
2 10809
0 17865
0 17686
1 16588
1 8477
0 5048
1 3319
2 3408
0 4995
1 12234
1 15521
0 10473
1 1408
2 6989
1 11774
2 12194
2 15540
0 7111
2 12865
2 12304
0 4875
1 16225
2 18419
0 2016
2 5545
0 5442
2 15766
0 17527
0 14624
1 1925
2 11722
2 3275
2 9880
0 14624
2 18505
0 5232
0 2754
0 12383
2 13353
1 5779
2 14266
1 4718
1 5607
2 18875
0 11242
2 7665
2 17545
0 13285
0 6553
0 3631
1 1327
1 10582
1 5257
0 17783
0 15406
1 18628
0 12254
2 19428
2 587
0 18750
0 8111
2 2082
0 2270
0 4339
0 3203
0 6579
2 1716
1 6338
2 19412
2 11592
0 1495
1 16855
0 11644
0 16862
0 10318
0 6098
0 17572
2 3087
2 11558
1 6118
2 16239
1 9915
2 6100
1 18160
2 7206
1 14097
0 17460
0 18018
1 2191
1 10506
0 7678
1 10837
2 15968
1 2862
2 4599
0 9853
0 19711
1 3151
1 13746
1 6257
0 4983
1 19845
1 8612
2 6672
0 4106
2 12921
0 2287
0 2029
0 19851
2 7822
1 6694
2 3166
2 18040
0 17203
0 5031
2 13533
0 3060
1 62
2 18865
0 15928
0 5442
2 3316
1 5488
2 3350
2 1926
2 18361
0 14872
2 643
1 13611
1 3213
0 11346
0 1700
1 15160
2 18716
1 14437
1 18796
0 18087
2 9340
1 19383
0 2749
1 19901
2 230
2 10196
2 6824
1 19796
1 8170
1 5346
1 18113
1 8421
0 1783
1 8157
1 2507
0 11222
1 18961
0 3391
1 9604
0 4056
2 5249
2 15373
2 4270
2 14619
2 2794
1 15178
2 2636
1 17425
1 10543
0 4923
1 16761
2 12880
1 12716
1 10389
1 16359
0 5874
0 17118
0 14132
1 19683
2 19417
0 2098
1 16343
0 6316
1 19277
2 6267
2 19448
1 3534
1 19839
1 13598
2 2748
1 17236
1 10227
1 344
2 12316
1 16136
2 2472
2 14332
2 5438
1 2995
0 479
2 12810
2 4436
0 7094
1 3394
0 7212
0 13623
0 7591
0 6236
0 875
0 16793
0 18649
0 12226
0 2432
2 4526
1 17505
1 17463
2 2622
1 9663
0 9518
0 6840
1 4331
0 14665
2 4282
1 6512
2 19823
0 3756
1 10538
0 12667
1 11941
2 14763
1 6281
2 15066
1 6158
2 3856
2 18561
1 13956
1 19446
0 4891
2 12055
0 12135
0 15659
0 7491
1 5274
0 4974
0 18672
1 2903
2 1431
2 5954
2 18384
1 13821
2 9010
0 5182
2 5331
2 2674
0 9066
2 19370
2 9477
2 12302
1 3513
1 19239
0 2076
0 7097
2 18177
1 8813
2 19907
2 15593
2 12998
0 18311
1 12316
1 17190
1 11544
2 17069
2 16946
1 17674
0 16858
2 14966
1 5546
2 805
2 7067
1 5035
1 14743
2 17229
1 2968
0 13666
2 15380
0 6792
2 15459
1 8319
1 8024
0 16911
0 18993
2 15010
2 19566
1 2951
2 16456
1 1965
2 13885
1 9368
2 17543
1 13614
1 17908
0 13778
1 4536
2 10094
0 17362
2 16103
1 6112
0 1657
2 6681
1 2479
0 907
2 649
0 18909
0 5168
2 13732
1 1462
0 2657
0 418
0 4016
1 10953
1 16257
1 673
0 4907
0 7058
0 3866
2 9588
1 14035
1 12005
1 5502
1 4503
1 19758
0 15736
2 18709
2 9305
1 19952
2 12468
2 2994
2 8346
2 9294
2 14987
1 10250
2 13211
2 12025
0 13112
2 1788
2 14856
0 6658
1 5348
1 18132
0 18061
1 5061
1 13247
0 15444
2 12532
2 11209
2 14511
1 3249
1 2434
2 771
0 8636
2 4771
0 1665
0 7211
0 18751
0 13668
2 2513
2 15525
1 9987
1 12688
2 4844
1 303
2 19426
1 6508
0 19855
1 6106
1 10223
2 7330
2 13810
0 4650
1 8379
0 14799
1 4480
0 17179
1 14153
1 9810
1 371
1 11010
0 3777
2 12283
0 390
2 15091
0 2968
1 14958
1 5332
0 14686
2 1138
0 872
0 18138
0 581
2 5979
0 7019
1 10639
2 8866
2 13717
0 10246
2 13972
1 6696
0 689
1 17942
1 13851
1 14081
0 17742
0 13139
1 9566
2 14606
1 13233
2 9250
0 1922
2 6786
0 15138
1 5926
1 3868
0 1061
2 11052
2 16769
0 19423
1 3407
1 11176
1 10930
0 6762
0 5595
2 862
0 10060
1 19609
1 8337
0 3984
1 18167
0 78
2 5410
1 12798
0 16773
0 443
0 4719
1 634
2 14996
1 6386
1 6835
2 3560
2 13845
0 9816
1 6917
2 12555
0 15524
2 9949
0 8799
1 12651
1 2442
2 9165
2 15160
0 2419
0 6612
1 6304
0 7891
2 4680
0 2737
1 15731
1 319
1 1668
0 1374
1 8123
2 3538
2 14748
0 9913
1 17121
1 6623
2 17036
0 10470
0 2824
0 731
2 6833
1 19839
0 15367
0 4062
1 6288
0 9623
0 8770
2 18043
1 10370
2 1947
0 8811
2 16287
2 8298
0 4878
2 15804
0 19438
2 4967
0 5737
1 9854
0 1364
0 20003
2 8019
0 4272
2 1100
2 871
2 10003
1 6749
1 14187
2 18137
2 17229
1 9037
2 17061
2 12098
1 9845
0 8955
0 14835
0 1869
0 19968
2 275
1 10644
0 16195
2 7822
0 14360
1 15142
1 4859
2 16275
2 8641
2 10959
0 11045
0 11584
0 13043
1 14509
0 1243
2 11970
2 11273
2 10702
2 6429
0 14970
2 5553
2 3055
2 2765
1 17285
2 18358
0 10412
1 8748
2 11759
0 5079
1 6015
0 19879
1 12233
0 8379
2 1518
2 7858
0 17248
0 19280
1 14021
0 4407
2 7114
0 1167
2 13724
0 5189
2 15219
2 12531
0 12407
2 15899
0 11648
2 11673
2 13705
0 12247
1 7442
2 15369
0 18331
1 19338
1 15098
0 9900
2 15760
1 16392
2 17203
2 10270
1 11453
2 6762
2 4154
1 18541
1 8002
2 4379
2 2020
1 18069
2 5725
1 4329
2 16722
0 14719
0 9534
2 13392
2 8393
2 8655
0 10074
0 11412
0 19456
0 8350
1 14643
0 10210
2 18682
0 4037
0 2960
2 17013
2 481
1 12447
2 491
2 4024
1 8586
2 17430
1 19475
1 11540
0 11806
0 15928
0 19940
2 8356
1 19049
2 9155
0 1085
1 12720
2 16837
0 808
2 17705
0 4248
2 16495
2 5926
1 2675
2 5624
1 4245
1 2660
2 2051
2 11103
2 19295
0 6227
0 5208
0 2508
1 17624
0 9143
2 18438
0 11204
2 9302
0 11652
1 12748
0 18147
0 14626
1 10085
2 18738
0 19975
2 8514
0 17770
2 9825
2 7524
2 17087
2 16047
1 12324
0 19625
0 3928
2 12745
1 18673
0 1186
0 12997
1 19389
1 16331
2 19382
0 17598
2 10926
0 17866
1 13814
0 13007
1 12309
0 14205
0 6459
2 4508
1 13893
1 17720
2 744
1 2388
1 12848
2 15069
0 18360
2 16370
2 19663
2 19174
2 9938
0 13673
0 2501
0 17464
0 9290
0 844
0 14233
0 2753
0 889
1 17384
2 13163
2 7258
1 1776
0 13319
0 10894
1 6325
0 5827
2 15372
2 8101
0 4095
1 17403
1 17728
0 13599
0 13310
0 6580
1 19697
1 16302
1 14372
1 1783
2 17904
0 6214
1 13319
2 9803
1 11773
2 4847
1 10444
2 3531
2 2909
0 7731
0 14018
2 2343
0 12268
1 79
2 15150
1 9091
0 8610
0 10094
2 4994
1 784
1 1840
1 6567
1 16241
0 5661
0 18022
0 14128
0 10992
2 5419
2 18561
2 14390
1 6801
2 7802
2 15927
2 145
0 14561
0 2070
0 13718
1 6307
0 10353
2 11832
1 12791
0 11667
1 286
1 4237
0 15611
2 18201
0 9413
0 1335
2 14146
1 14840
2 13959
2 15132
1 19810
1 7948
2 15875
2 16479
1 13761
2 5201
0 6409
2 7340
2 8345
0 1725
0 11863
0 13661
1 15214
2 1274
1 4452
1 17771
2 12531
0 9211
1 14892
1 17451
0 8299
0 15647
2 10223
2 5277
2 17672
2 9757
1 3327
2 13348
1 12270
0 9129
1 16933
0 18406
2 19843
0 7869
1 12670
1 7447
2 18618
2 16237
1 6139
1 6452
0 16117
2 7565
1 17075
1 18861
1 7309
2 11299
1 7684
0 843
2 1846
1 11808
0 15712
2 14049
1 13225
2 3984
1 3967
1 7481
0 14592
0 8677
1 17385
1 12066
0 7080
0 13977
2 5202
2 13539
0 18625
2 15167
1 4630
2 15119
0 8370
0 8442
1 13244
0 3607
1 13984
1 14294
1 14948
0 15653
0 17443
1 9664
1 17350
2 12186
1 11230
1 9473
0 2873
2 691
0 7586
2 2411
1 7906
0 13030
2 313
0 3405
0 88
0 2156
2 18827
0 4448
2 6459
1 6802
2 5811
1 8876
2 8746
2 4989
1 9786
1 16293
1 4951
2 378
1 15060
2 18709
1 7639
0 2541
2 7485
2 4167
0 1858
2 12897
0 8040
2 18126
1 17009
2 4331
0 494
0 6031
0 8943
2 9928
1 17754
1 2237
1 3816
2 1949
0 2882
0 419
2 14303
1 13542
1 7191
0 11910
1 8382
1 5724
0 6455
0 6796
2 15762
2 7760
0 201
2 19472
2 4837
0 13832
1 4669
2 8792
1 13530
0 3684
2 12010
1 17278
2 4423
2 14733
0 8659
0 7395
1 54
1 10159
1 16264
2 3045
2 18236
0 19822
0 5351
1 4051
1 3167
1 8858
1 6020
0 842
2 6460
1 11644
0 6756
2 17843
0 11016
0 8567
0 15950
2 11793
1 5417
1 2319
0 13177
2 6161
1 7342
1 15629
1 1786
2 2461
1 14513
0 3277
0 7205
0 9216
2 611
2 12808
2 19304
0 15284
0 4877
1 1905
1 11167
1 18591
2 12732
1 17498
0 10346
0 12552
2 9762
1 6603
0 6756
2 8583
0 2408
1 3847
0 9207
1 4483
1 10282
1 9443
2 6139
1 715
1 3315
2 4594
1 2269
0 17774
1 16335
0 8722
2 918
0 4329
0 3389
1 4166
2 10203
1 6479
0 5252
1 9195
0 11469
2 19737
1 12397
2 18103
1 7794
1 2409
0 16737
1 6632
2 12390
2 15834
2 3336
1 3854
0 1351
1 5108
2 3363
1 18242
1 5174
1 2041
1 8925
2 18737
0 1251
0 13974
0 1223
2 4514
1 5121
0 13623
0 18133
1 17779
1 5317
2 14750
2 13254
0 4588
2 12577
2 1047
2 3590
2 4100
1 14257
2 12060
0 17160
1 4207
0 7053
0 7704
2 175
1 4856
2 17905
2 13399
2 8615
0 15351
2 1099
2 2180
0 10272
0 1107
0 16679
2 15264
0 3154
1 12683
2 11274
0 6210
0 8412
2 12169
0 19660
0 11542
0 13171
0 7686
0 10081
1 9363
0 1100
2 4930
0 14898
1 11536
2 1003
2 13447
2 11472
2 263
0 3597
1 18454
0 15203
0 19434
0 15956
2 18309
1 8662
1 16130
1 9689
0 4321
2 6007
1 8105
2 7395
0 3534
2 4767
0 17388
0 19666
2 5566
0 745
0 11807
2 3960
0 2327
0 15389
1 13434
0 5068
2 6550
0 5435
2 12524
0 12826
1 14539
0 4530
2 7477
1 1823
1 18731
1 7440
2 8964
1 10275
2 19133
1 14110
2 6622
2 7919
1 7444
1 8391
0 9257
2 615
1 6239
1 12578
2 17850
1 11747
0 874
0 11525
1 3531
0 4136
2 5107
2 8832
2 14716
1 6836
1 12098
1 12365
1 4013
1 9449
0 16676
2 14341
0 11409
1 7089
2 3985
0 9609
0 15012
2 9143
2 14799
2 13693
0 16258
2 6569
1 15718
0 5464
1 16063
1 14416
2 4043
0 5378
0 579
0 19456
1 3284
2 6594
0 12911
2 13572
1 7645
1 12189
1 11967
2 13454
1 5255
2 142
2 17544
2 3633
2 5029
1 14340
1 16947
2 16345
2 18954
2 11864
0 9405
2 7979
0 2050
0 17974
2 13523
1 15696
2 17812
1 7982
1 19777
2 6849
0 13176
1 10089
2 6292
1 6214
1 18310
1 861
0 8232
2 16134
1 12449
2 19107
2 6799
1 11705
1 13189
1 2385
2 4340
2 800
1 15447
1 3926
2 6352
0 19711
1 17764
1 11163
2 14867
2 3280
2 4903
2 10979
2 17249
1 10374
2 7581
1 4296
1 14776
2 16323
0 14607
0 14642
0 9637
1 9236
1 15866
0 2890
0 2872
0 19300
2 9159
1 16964
0 19355
1 18310
1 10347
2 12162
2 225
2 4858
1 17753
1 5943
2 10126
1 12889
2 1274
1 13541
1 6183
2 3953
2 17568
1 3759
1 2068
1 17530
0 13358
0 11522
0 2622
1 2856
2 6589
2 18147
2 11355
1 3187
2 15378
0 19574
2 8290
1 6808
2 15650
0 7491
2 19934
2 18676
0 17812
0 13224
1 3295
0 5728
0 9391
2 6864
0 8161
0 2971
1 4239
2 11554
2 3726
0 935
1 14293
0 4143
0 10253
0 13604
0 15587
1 14430
1 3760
0 3974
1 9580
2 7658
1 18981
2 2764
0 11831
1 1376
0 8991
0 6310
1 15272
0 11256
0 17306
2 8336
1 8147
2 7243
1 9423
0 5346
1 14087
0 16744
0 15901
0 13955
2 3334
1 17114
0 3115
2 8075
1 18378
0 728
2 10961
1 14343
2 8832
0 5621
0 15743
0 7901
0 14625
2 4179
1 14484
2 7408
0 19731
2 584
1 1030
2 14523
0 10219
1 5549
2 19626
0 15053
1 13937
1 17686
2 14372
2 2336
1 9415
0 14697
0 6057
1 3233
1 13528
2 10982
2 1117
0 6005
0 12958
1 19705
1 2883
1 13501
0 7819
1 17380
0 9279
1 4531
1 10840
0 5351
0 2744
2 16489
0 8640
2 10871
2 15797
0 7180
2 8823
2 3880
1 8211
1 375
2 9027
2 5210
2 12131
1 17163
2 8764
2 8510
1 11313
1 15054
2 11118
0 49
0 16595
1 11936
2 13178
2 7954
0 3042
1 4030
2 10601
1 15557
2 14888
2 10267
1 11134
0 4946
0 7111
2 11243
0 13861
0 14393
2 8588
1 7680
2 5075
2 19263
2 483
0 10240
1 13375
1 14741
0 1670
1 4370
0 2742
1 12370
0 6146
0 14849
1 13137
2 14036
0 14898
1 2625
1 19402
1 12641
2 2597
1 6927
0 15402
2 8378
0 5992
2 18397
2 6779
1 6507
1 8628
2 11184
1 1746
2 17485
2 17723
1 6595
1 17351
1 9679
2 15646
2 10848
0 4105
0 5293
1 18732
2 17285
2 11900
0 2718
1 3234
0 13829
0 5803
1 7903
2 15887
1 6532
1 9496
2 19477
2 8447
1 757
0 13783
1 18687
1 8396
2 13219
0 1536
1 11275
1 12875
1 15449
0 12893
2 12621
0 626
1 18546
0 8829
0 9765
0 3173
2 3092
0 14773
1 4096
2 10476
0 11403
1 6655
1 13440
0 10484
2 8721
1 6251
0 863
0 2499
1 12301
2 5476
0 18227
0 2410
1 15155
2 9388
1 11132
0 17327
0 17302
0 3401
1 2706
1 17295
0 7996
0 15492
2 18191
2 16079
2 4438
0 19439
1 19064
2 8444
1 648
1 11968
1 10678
0 13459
1 5646
2 5398
2 16443
1 18764
2 7301
0 2490
2 9148
1 18175
2 4418
1 110
0 1238
2 5859
1 12220
0 9027
2 3118
2 4057
1 16265
1 7771
0 11913
2 13288
2 18017
2 11219
2 12624
1 18465
0 6474
2 4005
1 11121
1 2697
1 19002
2 3175
0 8794
0 12908
1 7069
1 13336
0 7776
1 19146
2 15789
0 3517
2 16131
2 16206
2 1804
1 11653
1 803
1 18416
1 5023
2 6264
1 15446
1 10845
2 1745
2 9155
1 1035
2 1210
1 1374
2 8248
0 10447
0 7967
0 9684
1 10329
2 14792
1 8905
1 11747
1 314
1 11142
1 19092
2 751
2 12347
1 4235
0 6824
0 8881
2 197
1 16243
0 9140
2 12771
2 11454
1 2431
2 57
1 16076
2 10527
0 3046
1 17811
0 13177
1 6014
1 2604
0 1562
0 4279
0 17089
2 15051
2 3738
2 9762
0 12456
0 10769
2 18325
1 16252
0 5541
2 13955
1 17977
2 2550
0 8516
2 3749
2 7823
2 18892
2 17194
2 3026
1 4905
0 12011
2 12695
1 4462
2 12351
2 12171
0 4811
2 4879
0 18849
1 4972
0 2767
2 14961
1 4064
1 12322
0 12282
2 9493
0 13861
0 5309
1 19163
1 4041
1 11482
2 6713
2 199
1 7810
0 3764
1 2348
1 15282
2 4403
1 15
0 2052
0 15015
0 17774
1 3730
1 12812
1 13849
0 1115
2 5873
1 18761
1 11737
0 5826
2 7511
0 19900
0 17395
2 14224
1 15281
0 3830
2 1886
1 16847
1 2305
2 5520
1 9026
1 14199
0 3529
2 12525
0 15526
0 5013
0 17695
2 5468
2 3426
0 5118
1 2103
0 14597
0 4344
1 3415
2 19325
2 4876
2 11982
1 11483
0 19264
1 1931
0 19904
0 15259
2 190
2 14846
2 15920
0 10719
0 8331
2 7809
2 7373
2 7888
1 13711
2 13148
2 3140
0 3774
2 19814
2 10574
2 7692
0 11784
2 8843
0 7172
1 1915
0 18628
0 6900
1 2930
2 14138
0 18889
2 11398
2 948
0 5252
0 18448
0 7707
0 12506
1 4429
0 10791
2 3205
2 18586
1 10524
0 9732
0 4081
0 16067
1 13941
1 14412
1 18482
0 6833
0 15813
1 10843
2 6549
1 7256
2 3129
2 14858
0 6817
1 18043
0 445
1 6652
0 19578
1 14050
2 8316
0 17847
1 13103
1 7624
2 6227
0 1443
2 15360
0 8541
1 11990
1 17752
2 10430
1 11446
2 2193
2 14245
0 274
1 5389
1 2042
2 12291
0 18146
2 7250
0 15113
0 13329
2 17036
2 1132
2 8816
0 9466
2 10508
2 13896
1 6049
1 11183
0 1529
1 10593
2 17950
0 17849
1 10375
2 10181
1 14395
1 10982
2 15713
2 7737
2 6112
1 1515
0 12701
1 14635
1 8420
1 4983
0 5595
1 13325
2 17497
0 19544
0 18957
2 12701
2 6366
2 18495
0 10898
2 12329
2 12353
0 17605
0 7057
2 7304
1 7680
0 15076
2 2534
0 6758
1 11183
1 2337
1 19934
2 15060
1 1481
2 7142
0 3907
1 5050
1 1260
0 1124
2 13775
2 10448
2 2074
0 12111
1 5886
1 18819
0 5336
0 8488
0 16881
2 11498
1 15941
0 4584
1 557
1 15729
0 2663
0 19370
1 8616
0 7316
0 13378
2 5265
2 10612
2 13255
0 12810
0 6722
1 15651
2 17805
1 16526
2 12923
1 4845
0 3517
2 5332
2 4193
2 2154
0 17261
0 2101
0 8882
1 8625
2 7208
2 12993
0 14822
1 14669
2 1823
1 988
1 15262
0 158
1 8015
1 7549
0 15713
2 7038
0 11667
1 830
1 9051
0 1048
2 14343
0 16535
1 10351
1 7318
2 9318
2 2069
2 6590
1 15752
1 4511
0 3394
1 13583
1 8588
1 3555
1 3897
0 12500
1 13843
0 17554
2 8823
0 17106
2 12419
1 14918
1 794
0 7347
0 17027
2 17870
0 2798
2 14169
0 1945
2 4848
1 9327
2 14150
0 5534
2 12529
0 11820
1 999
2 13509
1 14014
0 16832
2 417
2 10552
2 19303
2 12137
0 9037
2 10291
1 10623
2 15447
0 5199
0 11889
2 3650
0 18589
0 6356
0 11757
1 8913
2 3022
2 4170
1 15437
2 1729
0 18150
1 8650
1 10170
2 17191
2 12819
0 13963
0 6526
2 14676
2 8723
0 8761
1 7134
0 14690
2 12424
0 9283
0 10216
0 19428
0 14310
1 14794
0 4990
0 18287
1 17156
1 9262
1 200
0 17190
1 9154
0 15856
1 13005
1 19338
2 16810
1 18352
1 17030
2 5973
0 4983
1 13239
2 13908
1 10886
2 3414
0 6655
1 5406
2 16015
1 4318
2 2380
0 142
2 3909
2 13282
2 16180
0 12078
0 3391
2 3882
1 3114
1 6349
1 8501
0 18995
2 16949
0 3273
0 9277
1 14265
1 8535
0 3707
1 3132
0 1325
2 1962
2 16384
1 12147
2 18848
1 7312
1 16427
0 18998
0 7202
0 922
0 18187
1 11331
1 2225
2 9470
0 2178
1 18080
0 5311
2 16268
0 19367
0 14551
1 6181
2 12172
2 8480
1 15357
1 1529
2 17684
1 13854
1 3043
2 9512
0 6376
0 15698
0 13274
2 1694
0 4976
1 3705
0 14052
1 11112
0 17906
1 10011
1 17291
2 2569
0 12477
2 16929
1 2569
0 14975
2 4995
0 13001
2 2107
2 19546
1 2296
0 11721
1 17809
2 6181
0 19583
0 6532
2 421
2 8294
0 404
2 19058
0 9764
0 14076
2 17458
0 14607
1 1054
1 11101
0 14437
0 10919
0 16077
2 4051
2 640
1 17966
1 6348
1 18207
2 8262
0 9739
2 5035
0 1550
0 13925
0 16700
1 14115
2 16981
0 3344
1 9071
1 13886
1 19580
2 14210
2 13561
0 19518
2 13785
0 13920
0 6159
2 18286
0 489
0 7935
0 386
2 15605
1 13241
1 13093
0 6331
1 17055
1 17773
0 11060
1 7056
0 10126
2 3985
1 11358
2 10474
2 13439
0 1908
0 11931
2 9467
0 14187
1 1761
1 4624
2 5705
2 5542
1 17276
2 15356
2 9589
1 13125
1 12989
0 19231
1 9415
1 12202
2 11030
2 9698
2 19788
1 4402
1 17968
0 5765
1 19476
2 13893
0 18419
1 9961
2 16176
2 6966
2 1347
0 17748
2 3412
1 18994
0 15784
1 140
2 18652
0 7614
1 14758
2 7869
1 8465
1 15228
1 1879
1 13721
2 13569
1 1264
0 14551
2 7681
0 19034
0 1153
2 3295
0 650
0 444
2 9084
1 5747
0 13030
2 7432
2 11505
1 4988
0 7152
2 6421
0 5319
1 10477
1 2569
2 18544
2 16825
0 19628
1 9641
1 14178
0 8631
2 4654
0 7272
2 6967
0 13117
1 18534
0 16474
2 1638
0 16334
0 2068
0 17073
1 11072
1 18035
0 5846
1 1175
2 17431
0 12456
1 9136
1 4697
0 11218
0 5100
2 5886
2 18088
2 4235
1 927
2 12088
0 10228
0 8007
0 8753
2 11128
0 16728
2 2940
0 6202
1 7507
2 5425
2 8717
1 17107
2 3443
2 17908
1 6651
0 7508
1 11755
1 17432
0 5913
2 17299
1 8160
1 2999
0 3209
0 3251
0 13170
1 10617
0 9004
1 7076
0 15444
1 11607
2 7206
0 1334
0 18224
1 324
0 5227
1 7997
0 6103
2 18546
2 10108
2 4402
1 4163
1 780
2 19900
2 8266
2 11943
2 4286
2 8079
0 5089
2 2794
1 16498
0 12138
0 8189
2 6991
1 11728
2 18700
1 2808
2 6963
1 13145
2 2343
0 1972
1 7530
1 19076
0 3721
0 14903
0 18912
1 1563
2 19323
0 16653
1 9849
0 19752
1 15267
0 2802
0 14684
2 3348
1 15758
1 3270
2 9266
0 11483
2 8590
2 15203
1 2772
2 16955
0 6569
0 3214
1 2995
2 12415
2 15232
2 3268
1 14808
1 5588
1 13959
1 16101
0 3156
1 1968
2 1455
2 8388
0 14036
0 3823
2 13424
2 4363
0 11946
2 11934
1 11994
2 7805
1 19722
1 2589
2 17601
1 7838
0 3213
0 14761
1 1801
1 1394
0 15575
1 17398
1 8511
1 12668
0 18410
1 1521
0 12920
1 3289
1 18448
2 16957
0 10407
2 9854
1 14569
0 8029
2 654
1 18319
1 8930
0 19887
0 12499
2 14858
1 15131
1 14252
0 854
0 7432
2 4491
1 1125
2 6907
2 14471
2 2972
1 9995
1 5387
1 17766
1 5209
1 11524
1 18445
1 16229
0 12113
1 17457
2 15225
1 1375
0 2535
2 9881
1 5282
0 15800
2 2269
1 18820
1 19923
1 19808
0 17371
2 4722
2 8422
2 1936
0 2056
2 6972
0 11361
2 27
0 7447
0 19330
1 3337
0 6507
1 1141
2 10216
2 6836
2 12454
0 5072
2 1069
1 18735
1 14674
0 17324
1 19960
1 11526
2 5450
0 12467
0 11628
1 8423
0 0
2 2117
2 9115
1 19986
2 3419
0 316
0 3706
1 5188
1 13827
1 18720
0 14948
0 5894
1 16258
1 1215
0 15519
2 11241
0 9514
2 4816
2 5705
2 16961
2 11366
2 11025
0 1677
2 4407
2 17989
2 9071
0 19158
2 537
1 11843
2 18897
0 17341
0 18779
0 18118
2 7548
0 6834
1 17434
0 17812
2 4662
0 19147
0 1810
1 14235
0 16301
1 13228
1 15499
2 11378
1 12574
0 4565
0 16382
1 6580
1 2652
0 14987
1 12956
1 1108
2 8489
2 9460
2 1483
2 620
1 2914
2 6169
1 18399
1 15997
1 4579
0 7552
0 3809
1 2437
2 18772
2 4007
2 10772
2 7592
1 17554
2 11270
1 10703
2 14098
2 13411
1 338
2 4285
1 14823
0 4978
2 7408
1 11626
1 7826
1 18162
2 8122
0 16621
2 2197
1 2131
2 6644
2 2616
1 3081
0 13304
1 7478
2 12924
2 10156
2 63
1 19638
2 2753
0 10539
0 10987
2 15972
2 14092
1 15460
0 7268
0 13255
2 17010
0 19277
0 17525
2 17432
2 15899
0 18569
2 17611
1 15119
1 6259
1 19783
2 3428
1 9767
0 7543
2 940
0 17857
0 12905
1 14582
0 7654
1 16719
2 4053
1 19894
1 8778
0 10594
1 10006
2 16607
0 18687
2 17212
0 7590
2 7566
0 11438
0 8097
1 7400
1 5047
0 16088
2 11190
0 12644
2 19498
2 13250
0 3432
0 8653
2 15863
0 9501
1 13489
1 9043
2 4819
1 12433
1 18178
1 8512
1 2985
0 17385
1 4760
2 13579
1 10369
0 10947
0 7440
0 1071
1 13908
0 748
2 2164
1 15405
0 19056
2 8021
2 1383
0 14349
1 11140
1 7070
0 12978
2 13872
2 1247
0 5425
0 17288
2 207
2 12281
2 12305
2 5325
1 17347
0 13449
1 1215
2 4676
1 16851
0 9516
1 9716
1 18657
0 8352
2 3670
1 19813
1 14016
1 17479
1 9699
1 13192
0 5272
2 5540
1 15119
1 1642
1 19680
0 15701
2 13029
0 19328
0 6751
2 19254
2 12753
0 2391
0 7746
1 18077
0 16370
1 15467
1 4728
0 19657
2 10427
2 13018
1 17519
1 8819
0 4894
1 19538
1 7471
2 14991
1 19813
2 3911
1 7403
0 5533
1 14122
0 69
2 14455
2 15876
0 13401
0 8953
1 19397
2 17332
1 12496
2 573
2 9219
1 19011
1 9688
0 13877
2 1760
2 8253
0 14125
0 17909
1 17578
0 9275
0 2763
1 17336
1 3339
1 7827
2 13773
2 2728
0 12600
1 15827
1 6497
1 7820
1 6277
2 11294
0 2261
2 7302
1 6268
0 5649
0 9492
2 8820
2 10015
0 10676
2 7845
2 15268
1 18755
0 8048
2 4019
0 17902
0 757
1 1518
1 1912
2 5757
0 11745
0 14750
1 6029
2 8647
2 9728
0 3950
0 8541
2 13720
1 18553
2 12297
0 5937
0 2813
2 4116
2 18621
2 18258
1 9994
2 11512
1 6393
2 4767
1 3233
2 11592
0 5808
0 1496
0 7522
0 2960
2 2955
0 16912
0 13962
2 16722
0 12248
1 15664
0 15125
1 14263
1 16617
0 8324
1 19291
1 11659
1 13416
1 3190
0 8015
2 2815
2 5990
2 15826
1 5785
1 17516
2 768
2 10929
0 3174
0 19303
1 7909
0 17132
1 2322
1 14289
1 17318
1 5494
0 15573
1 612
0 16570
0 2713
2 4848
0 19147
0 3158
2 16004
1 19132
0 18255
2 17115
2 12966
1 12918
0 10452
0 12049
2 738
1 14284
1 1325
1 6480
0 17369
2 12422
1 15013
1 18448
0 9472
0 7310
1 17032
0 11613
1 1372
2 18973
0 4054
2 2080
1 2159
2 10257
1 11181
2 10155
1 3596
2 1208
2 12331
2 9621
0 17214
0 6582
2 12820
0 14231
2 833
0 12920
2 7723
0 15928
1 8555
0 10685
1 13786
1 19797
2 515
1 9595
0 1871
2 2798
0 18512
2 4548
1 19145
0 18435
1 7595
1 18316
0 10304
2 10068
2 15426
1 6771
2 13852
2 5506
0 4969
0 5017
2 1636
0 15248
1 13879
1 971
1 17141
0 12510
1 2523
0 5134
0 8210
2 8163
1 2264
2 19347
2 16948
2 16328
0 17317
1 19465
1 13784
2 3778
2 9575
0 14873
2 17096
2 17995
0 13342
0 9019
0 7416
0 15128
0 2957
2 7205
0 6412
0 13539
0 833
0 14508
0 16903
0 3651
2 1144
1 2513
2 15149
0 11121
0 19492
2 19038
2 8053
1 658
0 14044
0 14499
1 15940
1 17764
2 3980
2 11420
2 2132
2 18981
2 13402
1 432
2 5483
2 11421
1 16579
0 13008
0 14213
0 16744
1 5904
0 1261
0 17162
0 286
1 688
0 11210
1 7433
2 4018
2 17530
0 7153
2 18914
2 13551
0 19682
2 3158
2 11711
0 10398
2 17201
2 8692
0 9466
0 12060
2 3625
0 14315
1 9499
0 132
1 420
2 3486
2 19276
2 18540
1 17407
2 4167
1 2771
1 19188
2 15840
1 4409
2 15540
0 941
1 19092
1 3774
2 13280
2 10182
0 6030
2 19349
2 17028
2 19749
1 4422
2 8161
2 6260
2 19468
1 3578
2 13498
0 7209
2 141
1 8187
2 10050
0 5566
0 14768
2 6300
0 11574
2 6615
0 5837
2 15608
0 8030
0 4967
0 5895
1 8955
2 16840
0 11405
1 10900
2 7676
1 14334
1 17157
1 7040
1 9683
2 4673
2 17814
1 10472
1 13949
1 2479
0 13621
0 6699
2 16183
0 6555
1 11161
1 9227
1 15252
0 7297
0 2648
2 1832
0 5509
2 2536
2 5101
1 848
2 13518
2 7801
0 7205
2 1928
2 1864
2 19319
1 4503
1 2030
2 13449
2 13332
2 17646
2 19144
1 6628
1 9916
1 8511
1 18846
0 2450
2 16106
0 11217
2 12835
0 8524
1 8687
1 1549
1 2115
1 11893
0 14805
2 12994
0 1382
1 12092
2 19146
2 5772
2 2213
1 3267
1 19205
0 19270
1 8222
0 12400
2 1105
2 6067
2 16476
2 18574
0 5048
2 8714
2 11053
2 2028
0 11493
2 10574
2 390
0 12870
0 8062
2 9384
2 1537
1 11655
0 6333
0 9960
1 18359
2 18697
2 4640
0 1959
0 16055
0 6685
1 7103
1 16871
0 14600
2 4303
1 6016
2 1156
1 7582
0 6966
0 2997
1 15762
2 6645
0 17089
1 13241
1 15462
1 18861
0 15279
0 14323
2 7086
2 19824
1 16650
2 2057
1 12338
1 2614
1 19940
1 14582
2 13708
1 13352
2 8926
0 18895
2 7604
1 2320
2 5168
2 7850
2 13695
1 15338
2 10854
2 11920
1 12384
2 15748
0 5288
0 15971
1 12375
1 4864
1 1623
2 10579
1 1021
2 3431
2 18516
0 14733
2 3372
1 371
0 12970
2 10087
2 15911
0 19386
0 8485
2 17419
0 5088
1 11303
1 11991
1 1640
1 15756
0 17744
0 3982
1 18460
1 15632
1 13910
2 18480
0 3816
1 3822
0 11257
1 7267
1 10776
1 16482
1 12338
1 308
2 995
2 10259
2 12771
0 16787
1 4832
0 6870
2 19555
1 17453
2 6261
0 491
2 12004
0 18446
1 2305
2 15448
0 7071
0 6969
1 17991
0 8125
1 18552
2 17514
1 7231
0 930
1 11357
1 19375
1 9484
0 16094
0 7605
1 10152
2 14649
0 2037
1 7460
1 10913
2 11012
0 17965
1 13635
2 16366
1 5046
2 19415
2 10473
0 15450
1 17472
2 19741
1 6511
2 14969
2 4402
2 2600
1 4439
1 19475
0 12972
1 15936
0 2947
2 8706
1 19698
1 9826
1 8420
1 12939
1 8573
0 13281
2 17732
1 6360
1 11858
2 3849
2 9461
2 13467
2 6540
0 3784
2 19023
1 14061
1 13289
1 3149
1 19607
1 6418
0 11796
1 1699
0 11550
0 16874
1 13843
0 4341
1 15069
0 12777
2 12981
0 12345
2 19282
2 19459
1 8305
0 8382
1 17494
2 11829
2 15693
0 4406
2 8923
2 7691
2 13383
2 8307
1 10082
0 5520
1 12871
1 10907
2 12354
0 10842
0 49
2 4907
0 6507
1 984
0 10165
2 14522
0 3455
1 13532
0 13764
2 7713
2 12157
0 10154
2 2874
2 16204
1 16616
1 19315
0 19619
1 14495
2 11037
1 313
2 8238
0 14153
0 16515
0 10400
1 3766
2 14799
2 3826
2 14446
0 5250
2 16302
1 11865
0 9846
1 728
0 11846
0 19293
1 9566
2 10588
1 11655
1 3167
1 12742
0 19916
0 13589
1 14907
2 11863
2 12228
0 4736
0 9079
1 9652
2 8636
0 2227
2 17104
1 9880
2 19073
1 19541
2 2347
1 7410
1 13823
2 12243
0 16352
1 15872
1 13319
1 18457
0 4645
2 2541
0 10246
1 19235
1 17750
0 2412
1 1462
2 19298
0 8633
0 4687
1 3092
0 15762
1 16020
2 14842
1 7570
1 15413
1 15913
1 6336
0 12879
1 2500
0 11711
0 19573
1 6307
0 6467
2 10907
1 15839
2 5946
1 12585
2 1831
0 9093
0 11940
0 7130
1 13989
1 11877
2 2668
0 9398
0 1742
2 16955
2 3842
2 16293
1 16895
2 12628
0 10585
1 7245
2 15871
0 12156
1 3161
1 12054
1 8604
0 6900
2 13874
0 5558
1 16231
0 15090
0 15145
0 3551
2 967
0 14620
0 19106
0 13679
2 9235
0 9124
1 18139
0 1930
2 18964
1 1575
2 14829
2 260
2 17733
0 13958
0 19350
2 9631
1 4923
2 188
1 11834
1 18433
2 18487
0 19712
0 13275
2 5830
0 4058
1 2049
1 12166
0 17780
1 1123
2 5004
1 13276
2 2995
1 17078
1 1984
2 8875
2 13723
2 10711
2 14270
1 13435
2 19499
1 6262
1 810
0 9394
2 7892
2 12695
1 371
2 15593
2 9171
0 6220
1 19599
0 7029
1 10553
0 13446
2 11307
0 19794
2 4563
0 10128
2 18746
0 9598
2 9544
2 337
1 19283
1 15287
1 11728
2 15523
1 13941
0 17170
0 931
2 4343
0 7486
1 2346
0 1644
1 930
1 3012
2 6855
1 7375
0 3496
2 7597
2 12724
2 10669
0 1581
1 10693
1 16728
2 15966
0 4935
2 8582
2 6480
2 7498
1 9327
0 9538
0 12394
1 255
0 70
2 7647
0 12349
0 14302
1 1191
1 10426
2 10093
1 11720
2 2721
2 17916
1 18457
0 1015
0 9900
2 8279
1 15202
1 9774
2 14568
1 9242
1 10057
1 14040
0 16082
2 11971
2 8458
0 17807
2 15685
0 2393
1 18017
2 4457
1 15521
0 2755
0 14654
1 3782
2 7491
1 9532
2 12674
0 13126
1 19991
1 11202
1 8508
0 13143
2 2968
2 5136
0 9998
2 17133
1 4027
1 3994
1 15254
1 9098
2 19656
0 15157
1 7908
1 9250
0 3752
0 3753
1 2043
2 3313
0 9853
2 11097
0 18856
2 8585
1 7227
1 6341
2 17117
0 13478
1 12480
0 16419
1 2156
2 11376
2 18860
1 9260
2 14867
1 9453
1 9054
0 4012
1 16540
1 247
2 10804
2 14011
1 968
2 10139
2 19404
1 16374
0 6152
1 14160
0 13780
0 14464
1 13863
0 13766
2 4058
0 6027
2 5876
0 161
1 7458
1 8337
1 18116
1 17162
0 795
2 5110
1 15566
1 11112
0 3997
0 17664
1 4667
2 18423
1 13426
2 7364
1 15644
0 15216
1 7541
1 8698
0 8470
2 19720
0 4486
1 13325
1 3606
2 6005
2 17572
1 16382
1 12865
1 15338
2 4109
1 19160
1 19502
2 444
1 4272
0 4730
0 7053
0 14890
1 10096
2 9904
1 5083
1 18208
0 18648
0 1245
1 13875
1 16571
1 19298
0 10023
1 696
1 13695
1 542
1 358
2 11491
1 2975
0 6882
2 12490
0 12310
0 8769
1 18319
0 9673
0 14709
2 11640
0 11977
2 525
2 18981
2 19115
0 543
0 4667
2 17507
1 11252
1 13326
2 17389
0 15076
0 19421
1 19545
0 18211
1 17687
1 10857
2 17419
2 16121
0 10662
0 12832
0 15998
1 13924
0 19441
1 18068
1 585
0 4738
1 16256
1 12118
2 11059
2 7175
0 4092
2 10072
1 19987
1 4598
1 3912
0 13914
1 2670
1 16240
2 10161
0 2087
1 9610
2 4177
0 17671
0 10397
1 17233
1 10456
1 6244
1 2627
2 3795
2 17426
2 18497
0 15372
0 19758
1 13020
1 4377
1 16418
0 10561
0 4369
1 2821
1 10929
2 8498
2 15483
1 71
0 19769
0 14731
2 6761
1 16443
0 6485
2 17289
0 4949
1 10711
0 12489
1 3446
2 7216
2 7972
2 4904
2 2817
2 7455
2 15290
0 7648
2 5346
0 3132
2 3716
1 15140
0 3501
1 2518
2 12077
1 5386
0 121
1 19421
0 2146
0 2261
0 10245
2 7525
1 13505
1 8137
2 19172
1 3488
2 14405
1 9428
1 9708
2 19606
1 11461
2 11750
2 3324
0 252
2 5445
1 14785
2 129
2 14278
0 8194
2 7635
1 13681
0 2695
1 4962
1 10882
1 5049
0 8603
2 9641
2 1909
0 688
2 332
1 13924
0 10548
2 16358
0 772
1 17778
2 9139
1 14938
0 17010
1 16979
1 1507
1 9144
2 19357
2 14729
0 2900
2 18150
0 8657
2 4673
0 17383
2 385
1 5550
2 9292
0 14217
2 12189
0 15045
0 14470
1 17095
1 4479
0 3227
2 379
1 4055
2 13592
1 18345
2 11237
2 17995
2 3764
2 681
1 8224
0 2961
1 9421
0 12921
2 9208
2 7977
0 19613
1 12699
0 13738
1 6119
1 7021
0 14112
2 12391
1 3983
0 2193
2 4656
2 607
2 17113
2 10912
1 13965
1 19279
0 8257
2 17821
1 12495
2 2360
0 14791
2 5032
0 7398
2 7025
0 10033
0 5504
2 11872
0 7403
1 5021
2 13055
2 16487
2 18188
1 10007
0 13314
0 6261
0 9183
0 16965
2 7215
2 12171
1 13422
1 18717
2 17168
2 10432
1 19107
0 11666
2 12108
2 3911
2 17926
2 7072
0 11430
2 17674
0 16048
1 12014
1 4961
2 8015
0 5104
0 10122
1 16590
0 5197
2 12582
0 9817
0 19522
2 516
1 10778
0 3199
2 2821
1 14579
2 12256
2 6608
0 6027
0 4891
1 12625
0 12095
1 19705
0 5234
1 11420
0 14854
2 756
2 5916
1 10123
2 15973
1 2251
0 6854
0 12830
2 11550
2 123
1 5151
0 717
0 19930
2 7866
1 7025
0 19297
2 14665
0 1876
2 4965
2 16075
2 9590
1 14161
1 12708
0 1355
0 15502
0 1806
0 16747
2 4567
2 2664
0 11547
1 14515
2 9268
0 4337
1 16053
0 3730
1 15585
0 6190
2 1248
1 14325
2 9120
1 6696
2 10086
2 16171
0 1354
0 10299
2 17892
1 7941
1 13758
2 13347
1 12354
2 13038
0 2781
0 5045
1 4505
0 1020
2 8793
0 19268
2 19564
2 3644
1 13409
1 14664
2 9952
1 3817
1 12831
0 2895
1 14014
1 8607
2 12370
0 5901
0 12082
1 15713
1 5822
1 10054
1 10482
1 9673
2 10338
2 11420
1 1910
1 1287
1 7239
1 9136
1 6986
0 16409
0 12411
0 1864
1 19999
2 2853
0 16111
1 3413
1 11667
0 9480
1 2636
1 12596
0 12352
2 2918
0 11538
1 14422
1 513
1 15357
1 6937
0 18559
2 7392
1 17405
1 17922
1 12749
2 11375
0 11906
0 13539
0 8659
2 6671
2 3037
1 7317
0 12815
1 5464
1 5317
0 6421
0 4135
1 5727
0 14065
1 4651
0 3273
0 1773
1 14802
0 12063
0 18005
2 17568
1 15508
1 665
2 6348
0 6739
1 9221
1 15622
2 5803
2 2177
1 8939
2 7011
1 14398
0 8763
2 7405
1 17608
1 10291
0 2290
1 8450
1 10952
2 14385
1 10730
1 601
1 6198
0 6456
1 1500
2 2453
1 15864
2 8171
0 2558
2 8597
1 16324
1 5574
2 5549
0 19141
2 19227
2 9189
0 4691
1 10155
0 5981
2 12193
2 14358
0 19742
0 7929
0 11017
1 9145
1 171
0 2661
1 11665
2 19937
1 13643
1 5892
2 16201
0 3707
2 1931
0 14039
0 10776
0 2352
2 4391
2 2882
2 2686
2 18692
1 1068
1 14878
1 13130
2 6132
2 3820
2 17405
0 11685
1 5479
0 1226
0 10329
2 17255
2 8154
1 2493
1 14442
2 10420
0 19527
2 7233
1 5942
1 6166
2 1851
2 19591
0 3999
0 6400
2 18617
0 2553
1 15106
2 15299
0 9708
1 11869
0 7052
1 9643
2 10402
0 5669
2 2842
0 7451
1 2844
0 4547
0 15996
0 7579
0 19227
2 6693
1 6229
1 17532
2 1484
2 11329
1 19408
2 8562
1 1483
2 14984
0 10931
1 8999
2 4135
0 18388
1 15914
0 19446
1 12293
1 9916
2 5657
0 4005
2 5766
2 11142
1 17914
1 3424
0 3190
2 10806
2 18982
2 5209
1 41
0 684
2 18747
0 10357
2 12121
2 3692
0 6726
2 16456
0 645
1 8698
0 8022
2 16064
0 4033
0 822
1 19728
2 8326
1 3914
2 18460
2 8733
0 2065
1 6612
2 12979
2 18294
2 10068
2 1392
2 1423
2 14561
2 6175
2 15233
0 2568
2 5269
2 11328
2 3348
0 10153
1 5615
0 18015
2 10819
2 3259
1 2346
0 12835
1 4601
1 11557
1 18947
1 5710
1 17447
2 19127
2 2883
0 4135
1 13085
2 15357
2 12468
1 14261
0 2958
1 13014
0 5719
2 1792
1 16168
2 2008
0 18684
1 13577
2 6009
1 12945
2 1440
2 14624
1 6783
2 1149
1 2168
0 14667
0 8870
2 8705
1 19055
1 13415
0 14433
0 113
0 12332
1 499
1 14764
0 44
0 19156
2 6635
1 7913
2 9922
0 10212
0 19316
0 13147
1 7000
0 4717
1 18930
2 7933
0 17175
1 11112
2 17514
0 15322
1 5728
0 16380
2 5741
1 13270
2 8649
1 10807
0 6301
1 18909
2 10120
2 17335
0 700
1 19568
0 3883
2 11055
0 15485
2 12351
1 1198
0 3990
2 5803
2 16152
1 6715
1 11331
0 13566
2 8419
1 16118
0 1277
1 11647
1 14526
0 11007
2 15800
0 9674
0 9561
0 11559
1 16182
1 13722
2 7630
0 17917
1 4808
1 9938
1 15301
2 286
0 15179
0 1013
0 17145
1 10023
1 8921
1 5926
2 8954
2 7906
1 11592
0 16881
2 19483
0 6628
1 6575
1 3625
2 9388
1 18869
2 9764
1 9402
1 11482
0 8913
0 8430
2 7247
1 14576
0 10510
2 2339
2 10573
0 19556
2 16358
2 11114
1 12525
1 4262
0 12164
2 9555
2 6005
1 15440
1 1837
2 6995
1 3388
1 8854
0 2703
0 14264
2 10796
1 14829
1 19432
2 16138
2 532
2 12105
2 10433
2 1610
2 1216
1 11888
2 281
1 6148
0 12129
2 3586
1 721
1 12725
2 4125
2 7201
1 2979
0 8322
2 5700
0 2975
0 15577
0 15725
1 9631
2 6646
2 5399
2 3474
2 17051
1 14468
0 10796
2 3993
1 4040
0 1956
1 3446
0 12283
0 4832
0 13715
2 14189
2 18987
2 4553
2 9803
2 15998
1 3382
1 2714
1 9099
0 19922
2 18790
2 18339
1 16699
2 15473
0 9423
0 19715
2 16903
2 13303
0 15721
1 9278
2 2336
2 14684
2 15852
2 5099
0 15384
2 7005
2 17026
2 6642
0 10751
0 6566
1 14235
2 11992
1 6755
1 13107
2 12606
1 13015
0 5544
2 10681
1 2431
0 4633
0 4840
1 1541
0 12227
0 13050
1 15805
1 11074
1 12008
0 1951
0 7618
1 1053
0 18649
0 5681
2 1580
1 13376
1 4637
2 16440
2 5473
0 9106
0 13229
2 2666
0 4197
1 10068
0 5806
2 9301
2 12959
0 5746
2 10116
2 12920
1 13631
1 8031
1 15751
1 3558
2 8395
2 6440
0 19696
1 1823
2 2802
1 7089
2 6419
1 17816
1 5311
0 13305
2 16185
2 6436
0 11889
0 18502
0 11315
0 9025
1 5547
1 5737
1 16075
1 4182
0 11241
2 11508
0 18995
1 5319
0 5277
1 17103
1 13747
1 4278
0 1118
0 10420
1 8647
1 17452
0 15753
0 3435
2 3384
2 5250
2 19877
2 11478
1 331
2 6623
0 13815
0 18922
1 1256
1 5139
1 6738
2 18375
1 7065
2 2308
1 13512
0 11723
0 1493
2 12201
1 6438
0 1594
0 1624
0 3149
0 6929
1 5393
2 10327
1 10188
0 18220
0 13118
2 8245
2 15389
1 19592
1 17867
0 5821
0 10579
0 13352
2 717
0 15665
2 19351
0 15888
1 1105
2 1458
0 1443
0 15893
2 2875
1 13986
2 17013
1 12565
0 16453
1 6398
0 3439
2 18720
2 14325
2 4817
0 10732
1 8802
2 1434
2 1720
0 12097
1 16595
1 17087
0 3572
0 15567
2 5376
0 16867
2 18042
2 10570
2 10521
0 16086
0 10723
0 2084
2 19287
2 13588
2 3089
1 19007
2 10202
1 4560
0 4615
1 357
1 9385
0 4989
2 7771
1 7665
1 17702
1 14734
1 12942
2 10891
0 16432
0 19794
2 6713
0 6918
2 18848
1 1733
2 1672
1 18464
0 3758
0 5383
2 12378
0 4361
1 9193
0 3617
1 17968
1 10126
1 19687
1 18465
2 8321
1 17264
0 13990
2 10920
0 9852
2 3642
2 4554
2 1742
1 17484
2 13110
1 2598
1 19431
0 7137
2 14556
0 5030
0 17117
0 8286
1 8665
0 1930
0 3815
2 19286
2 10860
1 19354
1 2936
1 2994
0 5431
0 733
2 19140
0 7921
0 2407
2 15115
0 668
1 4015
1 4916
1 7679
2 49
2 9354
1 6469
2 15031
1 10303
0 4241
1 16984
1 13544
1 961
2 18323
0 11744
0 19582
2 8179
0 18122
2 16333
0 5987
0 3433
0 5566
1 11148
0 7510
1 16791
1 2982
1 9627
0 16187
0 993
0 11255
0 11756
0 14762
0 15579
0 12129
0 15648
0 7851
1 13374
1 15259
0 16948
0 10890
0 18675
2 16012
0 18448
2 9512
2 17223
0 17750
0 6274
0 7563
2 9069
1 3292
2 19442
2 9346
2 19469
2 8198
0 12838
0 12499
2 11006
0 9952
2 18457
2 304
2 6422
0 6716
1 15367
2 17681
2 9066
0 16133
0 5524
1 2467
2 16915
1 17959
2 6101
0 14346
2 2899
2 8516
2 895
1 18162
0 16245
0 19741
2 4422
2 8145
2 17740
1 6837
2 9472
1 7032
0 12119
2 4764
1 15663
1 8280
0 1355
0 17834
0 17724
2 1651
0 7503
1 2018
1 18067
2 18161
0 3437
2 3781
2 4393
1 12174
0 19266
1 9258
2 2806
0 5567
2 1702
0 14883
1 15715
1 6732
1 8343
2 921
2 4953
0 12207
1 6433
1 16033
1 1035
1 11398
2 1513
2 13625
2 1253
0 13024
2 18537
0 16152
1 11589
2 15931
0 4126
1 32
2 13639
2 8799
1 11332
1 19777
1 18338
1 3534
1 16866
1 415
2 17528
0 10045
1 4392
1 13063
1 16206
0 7377
0 19562
2 11534
1 11825
2 8931
0 15296
1 2927
0 15611
0 8288
1 13527
0 10584
1 8877
0 2751
2 19766
0 6103
1 8736
1 5622
0 9547
0 13406
2 16009
1 10332
0 16429
1 9429
1 5814
1 3161
0 17497
1 7767
1 13642
1 9347
2 18886
0 11201
0 9067
2 11088
1 5111
2 8247
1 17314
2 1134
1 7666
1 17300
1 4695
2 9605
1 10684
1 12027
1 6451
0 19900
1 8474
0 16654
2 7337
1 7947
2 13127
1 11134
2 7128
1 9157
1 6112
0 8447
2 10407
0 11455
0 9467
2 2773
1 5334
2 19028
1 8939
1 5078
0 6351
0 13444
1 19074
1 1294
0 9048
0 13002
0 2129
1 2998
1 11392
1 8385
0 14455
2 19858
0 12902
1 13718
1 12112
0 17068
0 8367
0 13185
1 18039
2 9107
0 1873
0 10911
2 9055
2 2999
0 8651
0 3931
1 11251
0 12391
1 6139
1 16807
1 14890
1 16979
0 4411
1 14628
1 15571
2 737
0 7324
2 10523
2 9823
1 18842
0 19243
2 8603
0 18782
1 14107
0 6291
0 15102
1 5350
0 18842
0 14461
0 19821
1 15589
1 15548
1 10427
0 10497
2 13128
1 15769
1 9829
2 6276
0 16219
1 2080
1 15979
1 15963
0 4761
1 13480
0 2775
2 13157
2 14404
0 9628
1 12182
0 15972
0 12203
2 10634
1 10392
1 5848
1 18527
1 15167
2 16789
2 17889
0 4117
1 7107
0 14675
1 17415
0 5397
2 12992
0 7704
0 5445
0 267
0 9033
2 18984
2 1170
2 786
2 10946
1 10439
2 10741
0 9751
0 4113
1 2076
0 10661
0 14214
2 7180
1 16131
1 17179
0 15368
1 7319
2 5895
2 8489
0 16512
2 17283
0 12857
1 1356
2 18791
0 6881
1 9230
0 12650
0 9523
2 17790
1 17090
2 10046
0 493
2 8104
0 4003
0 8301
0 9070
0 17771
1 9736
1 941
0 6113
2 7680
0 19579
0 12746
0 16229
0 14761
2 5543
1 10485
0 19393
1 19441
1 18997
2 14401
2 12769
1 12104
2 3158
1 9677
0 1354
0 9805
0 3445
0 17646
1 15494
2 470
0 61
0 3967
0 9901
2 755
0 13922
2 10155
2 11963
0 10104
1 10577
1 15704
0 14334
1 5918
1 19165
0 9160
2 1388
2 17376
1 128
1 5196
1 8576
0 7567
1 16999
1 50
1 9531
0 17505
1 7191
2 3113
2 8679
1 7479
1 6866
0 17561
0 95
1 3879
1 11329
2 10975
0 15221
0 5497
2 11012
0 1650
1 8958
1 19228
0 7596
0 9902
1 19437
2 19604
1 19191
0 12877
0 9380
2 8769
1 7338
2 13104
1 16987
1 8352
1 18550
0 2491
0 2765
0 10028
1 17197
1 14061
0 66
1 4076
0 16916
2 19823
1 5742
0 7414
1 11603
0 11742
0 283
0 18684
1 15582
1 7272
2 5212
0 2739
2 8450
2 19082
0 5267
1 4380
1 11675
1 52
2 3308
0 19326
2 7102
2 13840
1 7301
1 5988
2 8012
2 15657
2 18933
0 10373
2 1925
0 6233
1 8690
2 2951
0 2070
2 12867
2 2652
1 1941
1 1167
0 16303
0 17228
2 9840
2 6019
0 9730
2 17606
1 14231
2 290
1 17723
0 5579
1 16641
0 12337
1 496
2 5768
0 18972
1 14151
1 6272
1 12887
2 8796
0 3938
0 2393
2 4928
0 6186
1 5071
2 13352
0 15002
1 16826
2 9446
1 3111
2 18642
2 2169
2 16854
1 148
2 12483
1 16952
0 16965
0 6734
2 15724
0 12797
1 5903
2 9606
0 4202
0 4221
1 6491
1 16340
1 6584
0 3066
0 16666
0 13356
1 19963
1 1549
0 16085
1 6863
1 685
2 12938
2 3358
0 7918
0 7814
1 19229
2 37
0 15743
1 15364
2 17979
2 16124
2 5863
1 6413
1 9893
2 8876
2 10144
0 15037
1 15522
2 10544
1 9797
0 4519
2 19047
2 6528
2 3995
2 2654
0 12395
1 14820
0 12660
2 2767
1 13289
0 10282
2 14484
1 15128
0 11283
2 16547
1 4130
1 18125
1 6404
1 8742
1 18586
2 14447
1 9071
2 3938
2 7677
1 7831
1 14982
0 14300
2 5627
2 7995
0 12429
1 719
0 7049
2 3813
2 2528
0 15900
2 9366
1 7691
0 5978
1 2993
2 8294
0 6269
0 9368
1 5951
1 18383
1 926
2 14503
1 4522
1 17086
0 9827
1 9828
1 4006
0 4250
1 343
0 10338
1 9676
2 5018
0 18775
1 16388
2 18864
1 13781
2 4736
2 8725
1 1526
0 7580
2 11503
0 6492
1 12995
2 19549
2 9097
1 10438
0 3812
0 7739
2 1672
0 18200
1 15889
0 14243
1 4872
0 17798
0 10084
1 10394
1 18702
2 11417
0 1130
1 148
1 2115
2 14692
1 1611
2 6676
1 16472
1 12897
0 19510
0 13741
0 5636
2 19609
0 4742
0 10931
1 16661
1 3391
0 4566
2 10580
2 15032
2 7061
0 6904
0 15046
2 503
2 15978
2 14076
0 15558
2 14109
2 1337
1 2397
0 8198
0 18880
2 6
2 13878
2 2278
1 9082
0 5282
1 16722
0 8038
2 8753
0 14790
0 12360
1 14911
0 5760
2 12306
2 29
1 17032
1 16893
2 16779
2 1431
2 6074
1 9618
2 16693
0 16880
2 8661
1 17068
1 105
2 656
0 10896
0 14718
2 12688
1 6446
1 15073
1 9608
2 6950
1 11257
2 14852
1 19587
1 6843
1 8294
1 12812
0 8361
2 9215
0 4387
2 2064
1 9824
2 7458
1 4529
0 11592
1 14152
2 10076
0 2213
1 114
1 8293
0 11174
0 8034
2 18824
1 5716
0 4678
0 13263
0 9791
0 18602
2 4390
0 19598
2 17183
2 564
2 552
2 2740
1 6642
2 2961
1 14390
2 12327
0 7577
1 11221
0 2680
0 10179
0 17250
0 7094
0 6993
2 7423
1 12840
2 1022
2 1436
0 18723
0 5408
1 6638
2 1971
2 18666
2 7320
2 5633
0 3047
1 15055
0 4053
1 1652
0 4607
1 3233
1 10208
0 16241
2 1699
1 15315
2 2670
2 18233
0 14834
1 14414
0 7638
2 11534
1 14313
1 3919
0 2942
0 10410
2 8753
2 17824
0 6159
2 15393
2 14338
2 12117
2 18991
0 14485
0 1191
2 18073
2 5095
1 6429
0 8576
1 7546
0 2071
2 2768
2 1603
1 15564
2 1906
2 7610
0 11242
1 15159
1 11936
0 19861
1 15780
2 1470
0 9763
1 10438
1 2035
2 1130
1 18696
2 17849
2 16565
0 17441
2 6457
0 16719
0 6892
1 12303
1 16235
1 17922
0 14897
0 3656
0 10198
1 2771
1 18264
1 5695
0 15694
0 19923
0 9537
1 10624
2 11198
1 13574
2 10770
0 14151
2 8549
2 15846
1 2297
1 18582
2 1642
1 1187
2 3834
0 19709
1 6982
1 9500
2 702
1 5181
0 4476
2 19563
1 4005
1 7904
1 6612
1 3203
2 10565
2 382
1 2432
0 5282
0 14701
0 607
2 1065
1 103
1 6390
1 3934
0 5114
1 10350
1 2444
0 17878
1 15594
2 11070
2 641
1 8926
1 17089
0 4669
0 5872
0 16128
1 5171
2 11679
0 15244
2 11951
0 8545
2 302
2 6844
0 16849
2 3912
2 7014
1 18608
2 5434
1 14999
1 11529
0 440
2 9247
0 8063
0 8101
1 13596
2 3384
1 7913
1 13852
1 54
0 4296
2 12606
2 18521
2 13170
0 10397
2 16817
1 13243
0 17612
0 17370
0 6313
0 16532
0 2818
1 18981
1 12836
0 7945
0 13002
1 6096
1 6246
0 3157
2 4319
1 14939
1 17544
2 4647
0 10156
2 1133
0 2523
0 2514
2 16828
1 12471
2 11301
1 3874
2 12361
0 13153
1 8674
2 19627
1 14226
1 6593
1 14664
0 7151
2 19219
1 3667
0 777
0 14798
0 3849
0 19118
2 11605
0 7826
1 1223
0 2488
1 5960
1 4365
1 9594
2 9346
2 12282
1 13270
0 17856
1 15064
0 19711
2 19862
0 3924
0 9365
2 12304
2 12704
2 8755
1 8859
0 11922
2 3540
0 16269
2 10334
2 12931
0 13773
0 18527
2 9062
2 5484
0 14053
0 2725
2 6084
2 9069
1 5817
1 6120
0 7151
2 1969
0 10919
1 14574
2 6220
0 13855
2 7993
2 16936
0 7224
2 10432
0 7924
2 18242
0 11891
1 7664
2 3636
0 17142
0 19800
0 11009
1 17895
2 13784
2 783
2 398
2 4466
2 2295
2 3859
2 4006
2 1788
2 8608
0 6855
2 17688
0 19139
1 3503
2 2679
1 6982
0 17364
1 17621
2 6010
0 10503
0 2200
2 1740
2 17630
0 4313
2 523
2 18793
1 15103
1 16889
0 12729
0 18274
0 5134
1 3568
0 134
1 10322
2 4428
0 19911
2 16057
2 17729
1 9069
2 6907
2 9802
1 16204
1 17112
2 128
0 16780
1 8761
0 573
2 19926
2 17961
1 2222
2 5774
0 10426
0 1374
2 15831
1 5713
2 5176
2 10227
2 16614
0 593
0 3109
1 17589
1 17212
0 11495
1 1222
0 10749
1 13511
2 17203
2 2449
2 9482
2 1063
2 4633
1 13926
2 15733
0 15610
1 5641
2 12900
1 18631
2 2416
2 10321
1 1942
0 4660
2 12093
0 6199
2 11607
0 8894
2 15101
1 4716
1 7208
1 7844
0 18317
1 18392
2 11363
0 17941
2 13236
0 16871
1 9221
1 3799
0 2335
2 1590
1 5613
2 16247
0 9372
2 2961
0 1915
1 5876
1 10263
2 11989
0 18643
0 6673
0 14360
1 2681
2 2366
0 18765
2 12280
0 17884
2 6145
0 10138
1 12077
0 9372
2 17195
2 14508
2 13726
0 5249
1 6331
1 10808
0 19838
1 4659
0 14972
1 2476
2 3075
1 4419
2 6801
2 13900
0 4575
2 8480
0 1045
0 17417
2 11029
1 4254
0 4789
2 16979
2 1447
1 12709
1 8093
0 17756
2 3707
2 12217
2 14871
2 15686
1 19456
1 1202
2 3037
1 19273
2 8789
1 1556
1 7254
0 19132
2 6627
1 13712
1 19819
1 13822
0 6842
1 8386
2 6264
0 15611
0 13564
1 7196
1 5568
0 15189
0 6040
0 10574
1 14583
1 18005
2 19491
2 11061
2 1339
2 6520
2 4505
1 3812
0 2577
0 14598
0 6617
1 15114
1 422
2 4694
0 2749
2 2252
2 16939
1 9340
0 19028
2 11791
1 18336
0 11020
0 7157
0 10825
1 4580
2 5465
0 11879
0 5585
1 6027
0 11759
0 19748
1 19927
2 5073
2 7989
1 1748
1 580
0 1048
1 16013
1 19755
0 1848
1 3495
2 16177
0 5493
1 16236
0 11508
1 1572
2 8665
1 971
1 14918
2 15113
1 11772
1 9517
0 8863
0 6377
0 16402
2 15153
1 893
0 17035
1 14578
2 15547
2 8107
2 9954
0 9942
1 19857
0 15990
0 4729
2 10048
1 12830
1 14510
0 18984
0 8842
1 14790
2 2280
1 3739
0 16788
2 8471
1 5030
0 1385
1 12628
0 9092
0 6864
2 5083
0 12107
1 16529
1 13857
1 5561
1 1113
2 17009
1 5795
2 7524
0 12175
2 13769
2 2965
1 10789
0 18306
0 2287
1 15118
2 10225
2 3643
0 14382
0 12837
2 7553
2 423
1 18863
0 6225
0 6590
1 19518
1 17066
2 13653
1 1659
2 2379
2 305
1 19830
1 3103
1 12893
2 8895
2 2989
0 9002
0 12842
1 18440
2 8991
1 14947
0 5351
2 6266
1 15006
1 692
0 5
0 1312
1 2808
2 9056
1 12771
0 17108
2 14566
1 15166
1 15784
2 1952
0 19354
2 14024
0 1163
0 12170
0 5323
1 16667
0 643
2 17231
2 13822
2 14558
1 17845
1 13626
2 18074
2 8798
1 5392
2 9073
1 337
2 19654
2 4974
2 12183
1 16825
0 11212
1 14013
1 13867
0 11917
2 1281
0 4026
2 1513
0 17510
0 17100
0 1887
1 1529
1 1772
0 16785
0 8265
2 2170
1 10469
0 12826
0 2582
2 4522
1 6501
1 2170
1 7326
0 15130
0 17189
1 356
0 4118
0 2859
1 1733
1 14264
1 2391
2 12958
2 10948
2 12249
1 13458
2 13732
2 16862
0 2638
0 11178
0 16955
0 18848
0 9241
0 12226
2 5304
2 2611
0 8964
0 9569
2 11042
2 13860
0 8912
2 13549
0 16952
2 11157
0 11229
1 10178
2 14484
2 12841
2 1412
1 8830
1 8419
1 19593
1 2763
2 12958
0 10655
1 4598
2 15784
2 7648
2 16443
2 18350
0 17993
1 13561
0 2151
2 10435
0 13092
2 15241
2 4570
2 9308
1 13363
2 15093
0 9930
0 14510
1 1364
0 1821
0 19427
0 10527
0 8628
1 15937
2 9847
1 7742
2 18864
2 3316
1 2726
2 14170
2 11152
2 2888
1 11383
1 19132
2 150
2 14845
0 16031
0 9553
1 5307
1 8581
2 14788
1 4637
0 12060
1 8353
1 16563
1 234
0 1617
1 12001
0 16752
0 5422
0 8572
1 16837
0 9571
1 767
2 19237
1 1546
0 6086
2 3296
2 16769
1 12362
2 5304
0 6729
1 13857
1 3023
1 5369
2 4482
2 19456
0 1718
1 12195
1 11763
1 8767
0 19547
2 16999
1 18260
1 14122
2 15104
1 11647
0 14099
2 19908
1 7065
1 18354
0 4945
2 1864
0 3044
0 19569
1 16895
0 11112
1 13337
0 7800
0 4138
0 6975
0 10967
2 8108
2 12105
0 8646
2 12493
2 11079
2 10884
2 98
0 213
1 12121
2 5454
2 6749
0 19991
0 10396
2 5595
1 3416
1 805
0 16378
0 2795
0 7120
0 15674
0 305
1 2272
1 7220
2 14673
2 8562
2 6485
0 12952
0 3740
2 8233
0 10198
0 15357
2 13924
2 12342
1 4749
2 10534
1 15711
1 18505
2 1364
0 14668
1 13431
0 18124
1 18005
0 2066
0 270
0 8470
0 9851
0 10682
1 11558
2 4870
2 11354
2 15479
2 14072
1 6494
1 14279
2 4403
2 8868
0 4153
0 6516
1 10982
0 15348
1 2534
0 11912
1 6270
2 19235
0 2992
0 13792
0 3179
1 8109
1 3395
2 1646
0 6171
0 14338
1 10195
1 17437
0 711
2 19384
2 2706
2 16938
0 12799
1 18451
0 12306
0 12261
0 770
1 11366
0 5875
0 19157
1 3685
1 12874
0 11328
0 9694
1 12047
2 10903
2 18166
0 3943
0 3714
2 19902
1 14486
2 11249
1 2205
2 19853
2 18792
2 309
2 13766
0 17706
1 11580
1 6727
0 5278
0 9093
0 12798
2 10899
0 19390
2 2871
1 8950
1 1257
1 12862
1 7927
0 16222
1 16516
0 17645
2 19120
2 3147
1 12155
1 4161
1 908
1 12944
2 633
1 3519
1 3341
0 1466
1 16026
1 9292
1 13195
1 13076
0 9520
2 5769
1 938
2 4253
0 12318
0 7116
0 8743
1 8693
0 10309
1 14637
0 1285
2 2218
2 18862
2 16483
1 10424
1 12861
2 7855
2 5216
2 1910
0 13559
2 4420
2 14573
1 17973
1 18628
1 7833
2 19802
1 18593
1 9121
2 5073
2 16812
1 11345
1 9350
2 1567
1 18876
1 13461
1 7193
2 18960
1 117
2 3634
2 11889
2 12789
1 14277
0 6975
2 2359
2 2637
2 10822
2 8464
0 2515
0 3672
1 10711
0 10670
0 2854
0 17708
0 16853
0 7508
2 9835
1 886
1 5892
2 18867
1 12122
2 12887
0 8216
0 693
1 17684
0 9279
1 18100
2 15402
2 4024
1 5103
2 5049
2 14404
2 9300
0 15637
2 15188
0 17271
2 109
1 15516
0 13584
1 10685
2 17971
0 13620
1 17522
0 8913
0 9929
2 925
2 1998
1 10222
2 19033
2 14966
2 13725
2 4932
0 13654
2 15234
2 2062
2 10029
0 11822
1 4622
1 8471
2 6273
0 14546
0 16324
1 14856
0 3864
0 294
1 4578
2 15776
1 15662
2 582
2 2947
2 17231
2 2773
0 19058
1 4188
2 10088
1 18336
0 11928
1 12682
0 291
0 19760
2 19632
0 7338
0 12719
1 17387
0 16945
0 4337
2 4437
1 13453
1 601
1 14794
2 2630
2 12132
1 16422
1 9327
2 8190
2 4922
0 6437
0 4957
0 3644
1 16621
2 11254
2 14090
0 10116
2 7575
1 7538
2 6903
1 18475
0 3004
1 18392
0 1104
2 16022
2 251
0 12721
2 10876
0 11859
0 17035
1 16828
0 5730
1 17538
0 10261
2 12868
2 18732
1 12590
2 7501
2 10266
1 7030
0 15922
2 17934
0 8782
1 3291
0 1060
1 11957
0 19710
1 19103
1 5556
1 14369
1 18764
2 3647
1 7791
2 5985
0 2548
1 16447
2 15545
0 8274
0 5626
1 1108
2 13254
1 11141
1 7844
1 11879
0 11627
2 15187
2 2947
1 4311
0 14513
1 3399
1 16490
1 15339
2 7949
1 5820
0 17258
1 17786
2 3834
2 4165
1 8870
0 12645
1 1117
2 13016
1 8886
2 14241
0 2067
2 19592
1 14925
0 7229
2 16956
1 602
0 12671
0 18790
0 14568
2 9797
0 2676
0 14592
0 9268
2 18088
1 14853
1 7608
2 11613
2 6932
0 12950
0 7726
2 16995
1 9760
1 15648
1 10570
0 6430
1 8425
2 11583
1 10958
2 1928
0 1019
1 17523
1 855
0 16313
0 18832
0 15062
2 454
2 18889
0 5354
0 14364
0 19678
1 17773
0 426
0 8905
0 18361
2 12332
2 11520
2 17468
0 516
0 12538
1 10017
1 2355
2 7333
1 967
0 5724
1 18091
2 6731
1 2687
2 15257
1 16773
1 13704
1 11056
0 7597
2 3648
1 8468
2 10910
0 14525
0 5522
1 7558
1 5487
2 920
1 9677
1 15276
2 11085
1 7963
0 9192
0 6762
0 2145
1 18271
1 3243
2 10855
0 8454
2 499
2 9186
0 12113
2 16297
0 6080
0 15303
0 14278
1 4127
2 12334
2 6694
2 4864
0 5770
2 14611
1 15877
0 6894
2 7498
2 15312
0 8973
1 2838
2 17479
2 14524
1 15781
1 1673
2 17367
0 5713
0 11600
0 6249
2 5782
0 2354
1 1452
1 17594
1 2848
1 17009
1 17213
0 3175
2 14195
2 15223
0 2025
1 4981
2 3068
1 1342
1 7892
0 2731
2 2817
0 11319
0 138
0 19056
1 2042
1 14309
1 11496
2 1311
1 16742
2 12945
0 8640
1 16397
0 11961
1 8284
2 6492
2 1269
0 7084
1 16022
2 8953
0 11938
0 15756
0 7278
0 16220
1 11336
1 12545
2 18425
1 18751
2 7041
2 15826
0 8076
2 3399
2 9627
2 1684
1 10984
0 15644
1 13934
2 482
2 9557
1 15582
1 4660
2 10630
0 1834
2 8333
1 17024
2 12510
1 16080
0 2861
1 7229
0 14329
1 5545
1 9478
2 6466
2 11955
2 11177
0 6299
2 1992
2 9704
0 7523
2 3075
2 10255
0 9957
1 1478
1 1550
1 7783
0 5697
0 13146
1 6506
0 17865
1 12479
0 12399
2 12345
2 541
1 384
2 3289
1 12454
0 8997
1 16963
0 10731
1 11670
0 2853
2 18128
0 18944
1 19360
1 18418
2 9397
2 9055
1 365
2 11221
1 3201
2 1978
0 4091
1 727
1 17571
1 7916
1 14892
0 17645
2 19531
1 382
2 12804
0 2871
0 15140
1 4074
1 2117
1 9320
1 15707
2 12886
1 3120
1 13397
2 2694
2 17970
0 19243
2 8355
0 3645
1 17390
0 10289
2 5991
1 18985
1 8147
2 6636
1 5852
1 8061
2 14187
0 17359
2 18602
0 12222
2 14448
2 15971
0 17169
0 14162
1 13318
0 11936
1 66
0 11416
1 6615
1 2753
1 19414
2 9209
2 13875
0 87
1 983
1 7097
1 4875
2 16938
0 19881
2 5601
0 10955
2 17386
2 13423
0 417
2 6469
1 18198
2 3989
1 9057
2 19978
1 2988
1 529
2 7052
0 13005
2 13247
2 318
2 257
0 4047
0 15258
0 14640
0 6131
2 2762
1 14511
1 5017
0 13858
1 9286
2 4821
0 17656
0 7319
0 17053
2 4095
2 8778
1 5529
2 7197
2 18638
0 10404
0 19964
1 5476
1 8190
1 14740
2 1472
2 6533
1 15256
2 6192
0 1162
0 16194
0 12394
1 13001
2 2158
2 17201
0 10370
2 13406
2 126
0 13235
1 9332
1 7722
0 13696
2 5374
1 14646
1 19418
0 119
1 12834
0 14760
1 4727
2 18855
2 4233
0 13522
1 17352
1 11912
0 5016
0 755
1 5594
0 4750
1 18210
1 18665
0 14102
0 12985
2 5156
0 484
2 14632
0 3277
2 17015
1 11064
0 14554
0 1565
2 19793
0 13707
0 11721
1 10799
0 17975
2 10587
2 10965
2 8003
1 15926
0 19955
2 8172
0 9608
0 19872
1 1558
2 7867
2 14123
1 6908
1 17966
0 13416
0 4476
0 18068
1 1677
0 16921
2 12519
2 17213
2 11487
1 9821
1 6041
2 16236
2 3049
0 9548
2 6000
0 17256
0 367
1 5870
0 16162
0 19801
2 11301
2 6430
2 3653
2 15348
1 19464
1 2786
1 4371
0 19161
2 4427
0 6499
2 19611
0 12311
0 8522
1 773
2 8746
1 5017
1 18419
1 11291
0 10539
2 5467
0 491
1 16250
2 18225
0 12570
1 18327
1 11508
0 3567
2 5762
1 17276
2 15904
0 19070
1 15055
0 11303
0 918
0 15615
1 13698
0 12865
1 16826
0 7286
1 8617
2 9654
1 12436
0 299
2 9514
0 9859
2 15612
2 9364
0 14982
1 12566
0 4290
1 16977
0 8708
0 2443
1 3160
0 4929
1 12744
1 17025
0 857
2 7906
2 12264
1 1156
1 8889
1 16872
1 3969
1 19267
2 3544
2 537
1 8993
2 19437
0 15170
2 1317
1 7583
1 1441
2 3691
0 4499
1 14164
1 14481
2 9742
2 5515
2 9212
0 2563
0 928
0 13127
1 4385
1 2163
0 10902
1 3637
1 7782
0 8814
2 10883
2 18500
0 5480
0 15318
2 2793
0 10502
1 4232
0 18106
0 2334
0 17458
1 5835
1 16603
2 4076
0 8471
2 366
2 12940
2 11787
0 6361
2 3150
2 3938
1 17763
0 9755
0 2866
2 16816
2 19644
0 4291
2 17841
0 17653
0 16759
2 19736
2 17773
1 6328
0 15750
2 6388
0 18411
2 11547
0 8191
1 14567
2 6260
1 15033
0 19494
2 9466
0 18667
0 2143
0 14533
1 17045
0 3288
0 19349
0 18675
0 11054
1 19629
1 17398
2 1813
0 18058
1 14711
1 13956
1 19359
1 11662
1 14336
0 6260
2 17921
0 9230
0 5606
0 5819
2 18597
1 9519
1 3325
0 5768
1 15847
0 19949
0 817
1 838
2 4938
2 8464
2 17736
0 9943
0 1533
0 13543
1 16627
1 11603
0 13685
0 467
2 18312
2 7314
0 10339
0 2061
0 434
2 1734
1 8959
2 9366
1 17629
0 12270
0 1242
2 9081
2 11638
2 19194
1 5929
0 16840
2 7691
2 11101
1 6044
2 19185
1 14163
1 12651
0 4273
0 456
1 5481
1 8124
0 9654
2 19990
2 10913
1 9434
0 19314
2 10910
2 6836
1 15033
0 2443
1 4925
1 14749
2 12331
2 15361
1 10077
2 4391
1 11429
2 14089
2 2748
1 15594
2 4575
0 4101
1 10793
0 17318
2 7183
2 16689
0 3986
0 16780
2 6386
2 10450
1 10514
2 8097
1 7375
0 19280
0 10366
2 19067
1 10690
1 8477
0 13167
1 7631
2 17142
1 12294
0 18752
0 4567
1 9230
2 1105
1 994
1 7649
1 19207
0 17333
2 14393
2 12513
0 3609
2 19350
2 2849
2 17193
1 669
1 6350
2 4015
1 19537
1 5246
1 15775
1 8635
2 15191
2 10480
1 7065
2 10017
1 15368
1 5770
2 821
1 8323
1 14763
2 8566
2 12128
2 16141
2 6725
1 13048
2 281
1 1727
0 17250
0 18080
0 3797
1 17249
2 5438
2 7784
1 13064
1 17896
2 18145
1 11326
2 11376
0 4030
0 5470
2 9542
0 14678
1 17846
2 11080
1 19503
1 7829
2 12499
1 1887
0 1661
2 12756
0 19737
2 7184
1 10142
0 18475
0 17102
2 15859
0 16201
2 11236
1 4904
2 19304
1 11650
1 10488
0 17777
2 11015
1 2016
0 9612
0 19733
0 17001
0 6901
1 10143
2 17878
1 2037
2 1720
1 16641
1 19033
2 16725
0 1835
1 9433
0 13677
0 12789
2 13505
2 16719
2 5542
1 17713
2 14194
2 3581
2 8841
1 12079
2 7326
1 19589
1 7078
2 13263
1 17168
0 5853
0 17689
0 15045
2 4599
0 17329
2 17686
0 4171
2 8657
1 1806
0 2693
2 13889
1 10696
0 8500
1 481
2 1184
2 10589
1 15314
2 3084
2 17412
0 7519
0 19152
1 12182
2 15572
2 5442
1 373
0 11165
0 14038
2 4915
0 14425
1 19797
2 14644
0 17922
2 445
2 6006
2 2431
1 14023
1 17889
1 9807
1 8561
1 9890
1 1656
0 3125
2 4888
2 6094
0 939
2 6095
1 17023
2 3261
2 7201
0 9609
0 295
1 5119
1 7205
1 19458
0 122
2 9648
0 15813
0 19871
2 798
0 11665
0 17937
2 2963
2 10854
1 788
2 12894
1 11797
2 3770
2 17761
0 16203
2 14896
0 6973
1 19205
0 9968
0 1362
2 12964
0 5042
2 6540
1 10508
2 12872
1 7153
1 10473
2 3965
1 3375
1 11167
2 12809
1 8020
2 15960
0 17455
1 10481
1 12354
1 4382
2 19608
1 17458
0 5042
1 3852
2 6424
1 15821
0 16135
2 1515
1 3633
2 10146
1 10541
0 6082
0 19445
2 11320
1 12447
2 326
1 6523
2 7363
2 15014
2 211
2 4737
1 13521
2 10234
0 9149
2 16620
0 4127
2 14497
1 12711
0 16850
2 19097
2 6594
2 8034
2 8429
2 17547
2 4350
2 13600
1 902
1 17679
2 10451
1 8682
1 7285
0 19640
1 7338
2 19138
1 8479
2 3406
1 17346
2 19828
2 13888
2 14898
0 7078
1 491
0 3920
0 19487
1 7029
1 3958
1 19073
2 6872
1 9292
0 15705
0 11379
2 791
2 2573
2 12027
2 2349
2 19943
0 14145
1 4122
2 6714
1 3021
0 5761
0 5631
2 18264
0 17316
0 1237
0 11987
2 15528
1 11504
2 1782
2 9187
1 12860
2 11977
0 17925
1 788
2 6766
2 1109
1 13121
0 12522
2 7560
0 7908
2 11006
0 871
0 9683
0 12478
2 69
1 2405
0 5183
1 6657
2 12414
1 387
0 1527
2 8474
1 18559
1 426
2 14044
0 12685
2 16800
0 13312
1 18292
1 18160
0 6886
1 18921
2 16924
2 13181
2 3714
2 10502
1 10751
2 1516
2 6765
2 18087
0 572
2 1001
1 4306
1 8517
1 17231
0 9157
2 18925
1 4056
2 4138
2 4146
1 12754
2 4014
2 16171
0 18640
2 9417
0 16728
2 12090
2 14748
1 6928
2 3055
2 307
2 6455
0 14097
1 3858
0 10056
2 8815
0 9872
1 2815
2 19469
0 14337
0 12241
0 3453
1 3913
2 11541
2 10840
0 1286
2 2039
2 11212
0 7590
1 7046
2 8201
0 17181
0 6446
2 3335
0 2874
2 9773
0 10795
0 2544
1 7302
2 18379
0 43
1 4795
0 2228
2 9479
2 14309
1 19505
2 7208
1 17572
0 5881
0 3269
0 12872
1 1895
0 489
0 2020
0 16688
1 9365
2 19582
2 16067
1 14767
1 5696
2 17472
0 1636
2 19012
2 14873
0 18238
2 6395
2 7164
0 15554
2 5762
2 16586
0 17099
0 15971
2 11975
1 17376
1 11089
0 6579
0 17964
1 1097
1 8940
1 711
2 2382
2 18435
2 17851
0 6381
2 2507
1 9430
1 8501
0 18449
2 13482
1 5455
0 18906
0 5095
0 820
1 12049
2 13161
2 10537
1 9000
0 6438
2 12957
0 14709
2 7351
0 10111
2 10695
1 3135
1 18891
1 13285
2 2019
1 1705
0 2774
1 6170
0 11527
2 18749
0 17989
0 5622
0 15593
2 19172
1 17953
1 15078
0 2404
1 1201
1 5693
0 8655
1 8034
2 13431
0 5894
0 11779
0 11184
0 18684
2 16223
2 5540
1 11633
1 9386
2 16125
0 19944
2 18883
0 18949
0 13805
2 803
2 19591
0 16422
2 6323
0 16740
1 18738
1 10150
0 6485
0 19470
2 5333
0 7602
1 10263
0 19176
2 19566
2 12844
2 2255
0 16704
2 4244
0 9478
0 13428
0 14130
2 13780
1 13421
1 4764
1 13136
2 11240
2 14477
2 17541
1 19951
1 12289
0 6881
1 18946
0 4340
0 8956
2 2321
2 4367
1 4820
0 19190
1 1415
2 4526
1 17889
0 13695
0 11299
2 9521
1 7730
1 17854
1 18928
2 9367
0 637
0 4258
1 4333
2 9630
0 3270
2 11810
1 12026
0 10438
1 342
2 18028
0 8048
2 12989
1 3813
0 18940
2 17857
2 10206
0 16113
0 5810
1 246
2 13701
1 6768
0 10721
2 12677
1 2603
1 15999
1 18285
2 4294
2 5634
2 11173
2 11902
1 7019
0 18266
2 14556
2 1085
0 19397
0 19997
0 2467
0 3947
1 2001
0 5767
2 14514
0 10799
2 5124
2 4967
2 19685
1 10682
0 8370
2 4747
2 9274
1 6601
1 14888
1 11071
2 15182
2 8110
0 1034
2 13191
1 15000
1 2330
2 18353
0 16912
1 3147
0 12918
0 7757
2 15842
2 14099
2 14443
0 8601
1 135
2 5172
2 6123
1 13907
2 14527
0 1096
2 17793
0 14214
1 16384
2 11780
2 11889
1 9091
1 6137
0 6138
0 3830
1 6361
1 2772
0 14135
1 1544
1 6069
0 2608
1 538
0 231
2 2082
2 4419
0 14985
0 14071
2 9208
2 9249
2 7025
1 11325
2 19326
2 3527
0 13188
0 7734
1 8886
0 7091
1 11268
2 18337
0 6178
2 7344
2 8406
0 334
0 3433
0 11397
0 15840
0 3247
0 5340
1 7345
0 306
1 14220
1 1187
1 11168
2 8113
2 2139
2 8436
2 1675
1 4969
0 17830
1 17026
1 6245
2 16132
0 10225
0 13241
1 1046
0 15326
1 2750
1 4201
2 5347
1 15664
1 15988
2 3605
2 805
2 7921
0 12114
1 6926
2 14163
1 1821
2 7868
0 14474
1 18998
0 16728
0 5860
2 16815
2 13302
1 13714
1 10459
0 2402
0 17039
1 6509
0 3052
2 3887
0 18944
0 6700
0 4216
2 16801
2 13596
0 7441
2 7354
1 18385
1 11128
0 2530
2 455
2 3122
2 6566
2 4773
0 10907
1 12586
2 101
0 4685
1 7551
1 16166
2 16222
1 17066
1 18936
0 4687
0 11215
1 9397
2 9388
2 16650
0 1495
2 11837
0 8834
0 19398
1 16565
1 15191
1 13629
0 17079
2 17446
2 1807
2 12920
1 10788
1 11549
2 14181
2 15263
2 13350
0 632
0 18220
2 13235
2 13171
2 8701
2 945
0 11650
2 19845
1 9774
2 5153
0 19595
1 5246
1 9200
0 19683
1 1148
1 9542
0 11897
1 10546
0 12045
0 1314
1 2886
1 16181
0 18055
2 5897
1 1904
1 6614
2 3033
2 18624
2 8576
2 14898
0 14726
1 15000
1 7984
0 11421
1 1927
0 5398
0 4424
1 7350
2 14892
2 17140
2 17352
0 7255
0 9712
2 6879
1 4367
0 15238
0 9830
0 17999
0 17955
2 10280
2 19415
0 18612
0 4933
1 2261
2 4731
0 18591
2 8527
1 14343
1 17611
1 16418
2 5558
1 7927
1 12824
1 3738
2 17413
2 18004
1 19237
2 17582
2 12809
0 13685
2 17866
1 4454
1 3629
1 4440
1 6366
0 8616
0 9871
0 15449
2 6639
2 17224
2 1021
1 6704
0 15329
2 663
0 18697
1 3615
1 820
1 10295
2 2662
2 14607
0 10437
0 12414
1 12415
2 15061
2 17054
1 8984
0 15721
2 14954
2 17216
2 12652
1 12114
1 2807
2 4098
1 16341
0 18280
2 5369
1 18258
0 15799
1 12725
2 501
2 9382
2 3317
1 11021
1 14365
0 17501
1 19393
2 16390
0 2614
1 4930
0 6083
1 9970
1 13874
0 12449
1 4403
0 16703
1 7561
1 15827
2 12156
0 381
0 11087
1 12258
0 2957
0 19209
2 40
0 8409
1 4258
2 4350
2 2152
2 5829
1 12614
2 8324
0 12877
0 9262
1 16355
0 11343
1 15257
0 18490
2 4538
2 10922
1 13655
0 15409
2 14240
1 8105
0 3295
0 15635
2 1079
2 7262
2 17094
2 63
2 4706
2 1091
1 3624
0 16009
1 13577
2 12390
2 19424
0 7182
2 4448
0 12662
0 8593
2 4974
2 15600
2 8420
0 18932
2 9587
2 6265
1 14427
2 16772
1 14492
2 13126
0 9304
2 5736
1 17683
0 19372
2 12809
2 12807
2 1046
2 10277
2 13802
2 7305
2 9461
1 5578
1 11909
0 15385
0 1097
1 18776
2 9544
0 3414
0 848
1 14759
1 8837
0 17958
0 6975
2 8193
0 5270
2 17850
0 7094
2 1998
0 17989
2 10990
0 2828
1 16935
1 416
1 3500
2 9049
2 14940
0 2728
1 19126
1 8344
0 5751
1 18197
2 17195
1 5369
1 17139
2 1001
2 15116
2 15105
0 18375
2 2450
1 12842
1 15187
1 1921
2 12640
2 6620
0 13057
0 14099
0 2870
1 16240
2 19979
0 7286
1 10028
1 838
0 4559
1 465
2 1209
1 13241
0 16015
1 2139
1 15983
2 12168
2 9890
0 4342
0 15641
0 3290
1 15980
0 19408
0 11057
0 4885
1 3241
1 4584
0 14960
2 3465
2 19341
0 15637
2 15108
0 5474
2 16838
1 5224
2 14692
2 9887
2 9055
0 433
1 2698
0 14624
0 13747
2 13867
0 14971
2 11108
2 6491
2 2005
0 13152
1 4319
1 15495
1 12585
1 18940
0 14674
2 10440
2 12140
2 8543
0 8673
2 16386
1 19556
0 7960
0 1601
2 8064
1 4233
0 15049
2 11393
1 10961
2 10947
2 6633
0 2210
1 18926
2 1327
0 448
2 14393
1 17966
0 7432
2 10079
2 8421
1 7261
2 12078
1 16707
2 4477
1 10959
1 14407
2 19679
2 16300
2 12053
1 14505
2 19638
2 6966
2 18825
1 18848
0 11262
1 18053
1 18860
2 9273
2 423
2 13709
1 18346
1 7323
2 9219
1 8146
0 5696
0 9579
2 5764
1 19792
1 13202
2 1011
1 9937
1 1781
0 2959
0 11904
1 12199
1 2753
1 1647
2 11970
1 2542
0 19134
2 8648
0 9217
0 10294
0 13932
1 5745
0 7442
0 10776
0 8504
2 8643
1 15882
0 11416
2 10321
0 9486
1 3476
0 18818
1 11402
0 6350
0 7366
2 18043
0 2145
0 8181
2 12406
2 7404
0 4503
0 17936
0 1274
1 4883
1 16513
2 15670
0 9471
1 589
0 9556
0 11238
0 18556
1 4257
0 1317
2 5668
0 19826
1 10658
0 7535
1 7640
2 3134
1 1594
1 6018
0 9629
0 18564
1 19868
1 10255
0 2962
0 10889
1 3170
2 19678
0 10326
1 7834
1 11641
1 6910
0 15652
0 7321
1 16640
2 14098
1 7627
1 2618
2 3228
2 1129
1 3060
0 13758
0 14247
0 8759
0 9772
0 5685
1 16753
2 15817
1 6604
1 3713
2 13661
0 176
1 8785
1 4171
1 18874
1 17709
0 19937
0 3222
0 7258
0 15171
0 11625
1 5057
2 19607
1 17085
2 4257
1 7528
1 12980
2 5761
0 2711
2 15178
2 4260
1 12385
0 12677
1 12095
2 2506
0 4453
0 18984
0 16995
2 2822
1 9842
1 9237
2 1588
1 12101
2 4713
1 1634
2 461
1 15554
0 19184
1 4647
0 9358
2 10308
1 19604
1 19951
0 10520
0 17264
1 18221
2 13776
2 2865
1 988
1 13976
0 11819
1 7232
0 6480
1 11530
2 8635
2 5159
1 5349
0 6898
2 96
0 7222
0 11898
0 11251
1 9505
0 5595
2 1898
0 8074
1 11726
1 16220
2 4966
2 12233
1 19160
1 895
0 3088
0 3357
1 5498
1 62
2 9870
0 19073
1 13404
0 12956
0 18315
1 15273
1 6784
0 17444
2 12141
1 16718
1 343
1 14783
1 2260
0 7633
0 5025
1 9465
1 9281
0 7412
1 7055
0 2055
1 7024
0 19684
0 4839
1 16808
0 3099
1 2192
0 13342
1 5809
1 14935
2 2290
0 2942
1 1422
0 17411
1 19022
1 16033
0 4233
2 16293
0 15847
0 7001
0 9427
0 10645
0 19838
2 6653
1 2471
2 17192
0 3970
1 15082
1 8505
2 16222
1 11578
1 15268
1 6733
1 6673
1 12529
1 3589
2 9463
1 8620
0 9947
2 884
1 14660
2 13612
0 18210
1 5245
2 6972
2 10502
2 19918
0 13805
1 5893
2 14434
1 8746
2 16326
0 15745
2 10709
0 14048
1 12273
0 9125
1 4322
0 5422
2 5510
1 8093
2 19684
0 11833
0 16517
2 5351
2 14971
2 6608
2 13506
2 13489
0 17986
1 6713
2 9722
0 6255
1 8731
2 11252
1 15946
0 2342
2 9075
0 14863
1 12795
2 19591
0 13363
1 5841
1 17288
1 7171
2 541
1 7215
1 13179
1 18245
0 4008
2 16648
0 14145
2 17242
0 6430
1 1545
2 18488
2 19296
1 4781
2 2676
1 18579
0 11181
1 4208
0 11055
0 16249
1 8579
2 13726
1 4029
2 1788
0 3736
2 9376
0 4313
0 9586
2 1397
2 6749
1 18599
0 11757
2 16279
0 1199
2 13480
2 17890
0 5592
0 10701
1 9889
2 7285
0 4885
0 17875
0 9627
0 5852
0 16689
1 10320
0 12514
1 17842
1 7518
1 14538
1 18410
1 5876
1 5508
1 1615
1 13085
2 1366
1 15090
1 19984
0 16303
0 3538
1 17686
2 4360
1 13847
2 14262
1 3419
2 17185
1 12940
0 12070
2 13472
2 11575
0 11542
0 19325
2 12839
0 10344
1 4306
1 9446
2 3303
1 3566
1 17396
1 12114
1 17417
1 12499
1 1654
1 1814
2 65
2 17661
0 13791
1 2583
0 17878
2 17743
2 19240
1 14069
1 1643
0 5830
1 1978
0 161
1 612
0 19157
0 770
1 11523
1 11414
1 11854
2 10791
2 9664
0 6664
0 2109
1 17862
2 1990
0 6453
2 6800
1 7345
0 16517
2 258
0 14948
1 10318
0 7086
2 11273
0 15358
1 8105
2 16518
0 13679
2 18567
1 7533
0 4569
1 9442
0 18378
1 5267
2 7586
0 5553
2 18198
2 2140
0 9977
0 12909
1 16920
2 17933
0 14531
1 584
2 16310
0 11289
2 7407
0 5530
2 5508
2 12466
1 3025
0 15809
2 16095
0 15455
2 17949
1 6338
2 8144
0 13368
0 11625
