1004 1004
0 1231
1 831
0 297
0 1675
2 79
0 809
1 907
2 1442
0 1855
0 1961
1 434
2 1115
1 1746
0 999
1 1285
2 1860
1 1442
1 85
1 290
0 1800
0 1674
1 855
1 1129
0 405
0 1020
1 1754
0 600
1 976
0 1795
0 1108
1 366
1 1483
2 131
2 894
1 2007
0 764
0 112
0 1456
0 162
2 1647
0 1081
1 1520
0 1188
1 545
1 1055
1 1337
1 1650
1 1237
2 1194
2 650
2 1033
2 1148
2 699
1 1613
0 1122
1 1373
0 1006
2 32
0 802
1 1595
0 788
1 1077
2 1614
1 175
0 304
1 1459
1 322
2 973
0 776
2 330
2 1944
0 286
1 1017
0 473
1 373
1 406
1 1476
2 1728
0 618
1 654
2 1198
0 1637
1 318
1 1654
0 897
2 1316
2 180
2 1464
0 1766
2 1082
2 1880
0 1042
1 702
0 1426
1 1517
1 412
0 620
2 924
0 565
0 192
0 202
1 1921
1 1087
1 1770
1 306
0 1770
2 1515
0 1527
1 1086
1 1604
1 502
1 1874
2 1093
1 539
0 446
0 648
1 1561
1 513
0 850
0 443
2 1122
0 1632
0 1395
2 692
1 1473
2 859
2 1052
2 1074
0 61
2 1928
2 1107
2 876
2 1580
2 36
2 1924
0 1383
0 171
1 1220
1 1521
1 1681
1 1610
0 421
1 1087
0 1599
1 53
1 952
2 271
2 1248
2 1587
2 804
2 1033
2 1697
0 1910
0 1254
2 1808
1 1509
1 1790
2 2006
0 1064
2 579
1 1099
0 823
0 89
2 633
2 166
0 1388
2 547
1 1561
0 1244
1 956
0 1948
2 1985
0 113
0 1133
1 886
1 75
1 849
0 498
2 106
2 521
2 615
0 1693
2 202
1 1228
1 303
2 1046
1 392
0 1273
2 1120
2 1857
0 1029
1 375
1 1641
0 1659
1 105
1 380
2 1101
2 1318
0 38
2 323
0 451
2 624
2 1182
0 1288
2 833
1 868
1 138
0 1329
1 1478
1 1787
2 737
1 1712
0 1741
0 507
2 393
0 116
1 1566
1 141
2 993
0 787
2 1884
0 649
1 628
0 1659
0 1502
0 738
0 1201
1 1275
2 1814
1 392
0 943
1 75
2 477
0 772
1 107
1 157
0 68
0 553
0 1
0 725
0 1893
1 1353
2 707
2 820
2 1518
1 186
0 1358
1 908
2 1452
2 501
0 868
2 497
1 1328
2 1268
1 904
0 378
0 87
2 719
2 429
1 291
1 850
2 847
0 1259
2 663
1 1451
2 1049
2 1615
0 107
0 1878
0 1904
2 1308
0 1925
2 174
2 331
1 1032
1 748
0 1924
2 1170
0 1877
0 200
1 1001
0 1565
1 1979
1 324
2 828
2 1077
2 1920
0 1383
2 1778
0 1812
2 1242
0 1784
2 267
2 1599
0 895
2 1936
1 639
0 129
1 576
1 400
2 904
1 91
2 1538
1 1737
1 1550
0 1799
0 1662
2 663
0 1334
2 182
0 1726
2 1998
1 127
0 1625
1 1891
2 1571
2 1070
1 273
0 1696
0 1402
2 986
2 260
2 660
2 1659
1 1171
2 1169
2 612
0 322
2 633
0 366
2 1447
2 389
1 1908
0 1283
2 1185
0 1084
2 1896
0 1183
0 204
2 585
1 1995
1 437
0 1295
2 1988
1 1642
0 1395
2 1703
1 966
2 1906
2 1220
1 12
1 1254
0 1920
2 639
2 598
0 676
1 561
1 481
2 725
0 1684
1 1072
1 352
1 1265
2 196
0 1529
0 1177
1 820
2 767
1 1316
0 0
0 357
0 1001
1 1754
1 1969
1 576
2 781
1 443
2 915
1 1038
1 107
0 857
1 1863
1 263
2 1977
2 1187
0 1827
0 986
0 1140
0 596
0 1633
1 1651
1 1956
0 940
2 1273
0 1945
1 1392
2 1493
1 1781
0 1658
2 945
2 237
0 1583
2 1266
2 853
0 1883
1 1494
2 1985
1 1926
2 1388
0 1963
1 1179
1 1501
0 802
1 628
1 1621
2 1627
0 884
1 1895
0 966
2 795
0 1409
0 474
2 816
0 1033
1 642
1 896
2 1533
0 101
2 1663
1 1220
0 729
2 1110
2 1763
0 391
0 1527
0 1114
0 193
0 1944
2 1940
2 1210
2 1894
2 396
0 391
2 165
1 938
2 1336
2 257
1 1766
0 272
0 1786
2 1618
1 1534
2 359
1 1091
0 1615
1 1474
1 1153
2 1071
2 1479
2 10
1 1826
0 1837
1 233
2 1979
0 1000
0 1876
1 1148
2 1787
0 740
0 1386
0 414
0 1090
2 27
1 1898
1 534
0 1574
0 1276
1 968
0 1433
2 759
1 921
2 1218
1 253
0 174
0 1879
2 238
1 1100
2 1035
0 719
2 1513
2 1364
2 609
0 1300
2 104
2 1755
1 1045
1 1269
0 517
2 1362
0 1136
0 1564
1 366
1 168
1 1729
2 1183
2 1406
1 1289
1 1662
2 1157
2 1726
1 675
0 1745
0 1780
1 974
1 661
1 108
1 917
2 864
2 250
0 159
2 36
2 565
2 367
0 738
1 1177
0 320
0 295
1 758
1 233
0 1888
1 1782
0 1295
2 1416
0 424
1 782
2 1560
2 605
0 1548
2 785
0 1932
0 760
0 1271
1 1150
1 1824
2 1600
2 1832
1 1093
2 1758
1 1629
2 420
0 409
0 128
1 91
0 895
0 1358
0 1893
2 929
0 1728
0 403
2 755
1 1193
0 1838
0 31
2 648
0 856
1 1676
2 1350
1 1598
0 1264
1 806
0 226
2 1042
2 80
2 595
1 1694
2 934
0 1444
1 708
0 1490
2 717
0 1187
1 353
0 1514
0 1767
2 551
1 858
1 1569
1 1883
0 1185
1 909
2 1876
2 866
2 481
1 364
2 1479
2 1276
0 263
0 1148
2 758
1 962
2 1093
1 1665
0 588
2 70
0 1470
2 13
1 1450
2 265
1 136
2 1745
0 1303
1 1980
1 371
0 1225
1 1926
2 720
0 1873
0 642
2 805
1 613
1 1570
0 1172
1 1712
2 1562
1 738
0 1012
1 770
0 927
0 1670
0 85
2 480
2 1409
0 651
0 1089
2 30
1 710
1 1950
0 167
1 1647
2 411
1 1012
1 1522
2 887
0 1867
0 659
0 1337
2 235
0 869
0 1088
2 1036
2 950
1 955
0 880
2 1739
0 833
0 1420
0 212
2 1327
1 1136
0 1495
2 804
0 1060
0 872
0 726
1 1017
0 1226
1 1300
2 430
1 1734
1 1423
2 241
0 1353
1 1017
0 1929
1 830
1 1116
0 946
0 382
0 619
0 1130
0 1046
0 1770
2 343
0 684
0 756
1 1584
1 1256
2 668
2 814
1 1245
2 752
1 1248
1 1217
1 1230
2 842
0 156
0 1480
2 1925
2 1374
1 260
0 1595
2 330
2 1716
2 1525
2 803
1 1091
1 1108
1 711
1 146
1 869
1 1163
1 497
1 793
0 1111
1 801
2 508
2 172
0 336
0 1543
2 819
2 537
0 1979
0 1277
2 223
1 1170
1 106
0 1546
2 848
2 1200
0 236
0 1678
2 486
2 31
2 798
0 1057
0 37
2 408
2 219
2 1209
0 60
2 858
2 644
2 1788
0 701
1 1243
0 1907
1 3
0 737
0 1848
0 55
0 1999
0 762
2 246
0 1619
2 1093
2 1525
1 2001
0 140
2 762
0 137
0 1718
2 1051
0 489
1 1574
0 15
0 1118
2 1528
0 1913
1 1014
2 76
0 1835
1 470
0 522
1 1624
2 200
1 658
1 1188
0 1852
2 1542
0 1010
0 517
0 1952
2 244
1 356
0 1461
2 1089
1 1441
0 967
2 7
1 186
2 745
2 1269
0 1087
2 242
2 1168
0 1292
2 82
0 1510
2 1023
2 913
0 168
0 619
0 1887
0 298
0 115
1 249
0 546
2 1118
1 1697
0 164
2 1619
0 1962
2 295
0 1099
0 1267
0 1442
0 1330
2 782
2 145
2 1778
0 1912
2 779
0 517
2 19
2 156
2 624
0 564
0 1769
2 1089
2 1194
2 1440
1 1732
1 1109
2 106
0 1947
2 620
1 1193
1 481
2 1435
0 857
1 769
1 1441
1 489
0 374
2 1558
2 400
2 228
0 1763
1 1057
2 192
0 1477
2 1666
2 439
1 439
1 450
1 1115
2 991
1 884
2 516
2 1006
0 253
2 628
1 654
2 1213
0 777
1 1194
2 909
0 284
2 1912
1 1629
2 201
0 440
1 824
0 1626
0 102
0 1785
1 955
1 615
0 1418
1 1787
2 893
0 116
2 452
1 1832
0 1995
1 1823
0 929
0 1209
0 673
2 144
2 460
1 1168
1 314
1 419
2 818
0 1623
1 451
0 1574
1 1561
0 1880
0 1642
2 954
0 1373
0 1419
0 241
1 1107
0 1502
2 1063
0 1768
2 1047
2 1791
2 1525
0 1822
0 1820
2 142
1 1037
2 399
1 1057
2 330
0 737
2 1501
0 999
2 1196
0 1553
2 439
1 61
1 1484
0 160
1 1560
2 786
1 1123
1 867
0 1173
2 498
2 521
1 707
0 1422
2 539
0 1100
0 851
1 1210
2 1056
1 504
2 889
0 391
1 1595
0 642
1 1855
0 897
1 518
1 1403
2 1185
0 1163
2 747
0 1466
0 864
1 1613
0 851
0 1629
0 102
2 1192
1 559
2 1273
2 972
1 1003
0 1740
1 1155
0 1439
2 1307
0 363
0 1540
1 626
1 451
2 852
0 1142
1 6
1 1767
0 635
1 574
0 1263
1 183
2 173
1 260
2 1575
0 316
0 1437
0 1106
1 727
0 685
2 57
0 1190
1 1705
2 1384
2 641
2 3
2 1215
2 1079
2 1800
2 62
2 1241
2 1005
2 654
0 679
2 670
