23
2.864 6.018
6.397 9.338
1.154 4.752
7.179 1.645
1.968 6.240
9.249 5.953
0.938 4.430
2.215 9.858
8.062 9.534
9.334 2.788
3.360 6.262
5.763 5.539
3.775 2.895
0.641 3.458
7.832 1.916
5.126 4.365
2.906 9.083
5.004 4.939
3.224 0.240
0.536 1.833
7.965 0.313
7.909 2.335
8.962 9.135
12
R 4.859 2.882 3.358 3.162
N 3.247 3.554
R 2.326 4.684 0.460 3.142
N 7.027 3.318
R 7.050 5.377 5.849 2.833
N 7.287 2.045
R 0.663 9.373 5.761 6.331
N 0.799 1.700
R 0.695 1.215 5.441 6.923
N 2.512 4.856
R 6.280 3.569 8.043 4.319
N 5.218 0.317
