200
2.147116485868734 2.5120181285840966
0.3098340415554768 1.6252731656086246
2.995583615093873 1.9292369577771395
2.4696920966354967 2.1310453690692883
3.447358851154368 0.07652929270973718
3.6157750268224764 3.1625445869146396
0.9640165286042685 0.42120814414372487
0.5155288863781593 4.387091756447627
3.7054578000002185 3.3562579804996844
2.737853822464485 2.201628040285403
3.206452194141423 3.5862079798682704
2.2071903255172023 3.8386607770311487
2.2602035319327514 1.7537516096618848
0.49993088781631667 3.852346674627576
1.168663164598115 1.041680660578463
3.624951869453046 3.9339381956744597
3.589887462487395 0.6444140495105338
4.293117840140241 2.9376813611108146
1.4977290642596937 1.055533179885022
4.1790735365925284 1.0334171774620082
1.7796181287628805 2.8052645886086633
0.8962427945323009 4.012539982691816
1.0490028653768664 4.661282351419711
2.8167576996640786 1.6151590376199136
2.4995650490115606 2.94624240370291
3.0480044629493035 1.5773579177638863
0.8596421046817976 2.6174057081405637
2.6470854339568644 4.936864690711008
4.5210467059601145 1.8971344411077617
3.5180351121465945 2.4001548925967042
2.586357701348454 1.0375914911548922
3.539494996538873 0.9611548527314667
2.0706530071444 0.1938828181023633
2.5219951382687933 4.306715210293827
1.4825821910179253 2.5266394358254924
0.9859838149016059 2.497630313451351
2.196016272596209 1.1478322107369732
4.7761559465549706 0.37349377026437314
0.5648160931584012 2.4276207093027424
0.23014423025206288 0.28610432394070184
2.146510745122099 3.8326287800460874
4.479599227752043 1.999788583604833
2.5597320436937414 4.758804240284275
4.080533434380044 0.5627157249963943
2.2491034117069186 0.1856049261197451
0.22072328130115393 2.7074729923143814
1.539292151386245 3.5742760081621823
4.117873104344613 3.3028721046524008
3.0633997534875728 1.4278550967911268
0.9885155146468233 2.7194499579430502
3.71378762778406 1.7553439822960892
4.7766861155168225 1.4650553087831448
0.39002578572839564 1.3794511934360842
0.026046686106026007 0.19917903341025722
4.090497678644685 3.1474160358527072
2.4220184015172643 0.22391163175015438
4.213333353264846 1.4657698194916997
3.1699430522553746 3.006579833610971
4.906183954840544 2.42027543326366
1.9057386383888102 1.703853063517022
4.228012725009773 4.31298454476878
0.47961262629860224 3.295929910868185
2.68931873148355 4.57900604919724
4.8556359435637 3.1462720675966476
1.6757256437198347 3.827627044145429
2.0143073817710793 2.301833300234868
4.091160875831491 2.380981487619512
1.9297283082797378 3.6879390018752063
1.6147058521484325 1.1307749034976833
2.6328309117628916 2.656923097945907
4.277619126800582 2.8335076473440006
3.9261202545210603 2.8089004673672773
4.349654200321746 3.126994845450299
3.3850827830779417 3.7406921114005205
1.4790264701024043 1.0867526676173733
0.6216929679006927 2.1145048381885356
0.6092243443222667 0.5418963641136443
2.935873270673595 2.103855578194125
2.700901209371062 1.6884529425144323
0.25938265556475826 3.9012590933281173
0.4428878134530434 0.7902883883344758
4.960221433665637 3.524011447266564
2.957072019786075 3.8049208679582796
1.2608910827146191 3.497882683543203
1.93505242136078 1.9240615293254815
1.3995654158476079 1.487005898175446
0.7532110040643181 4.073549722012135
3.5641862285634653 3.5401584715035876
4.349411057848982 3.0080750808616967
4.809385087323896 3.9769509769046643
4.473639564700686 4.993741931253184
3.9012466205711016 2.844087809212402
2.2093674996002344 1.7549770547643206
4.332791696954777 4.469342995323573
3.602096133707566 0.2989616335344847
1.2456454913752846 0.5824227473957677
2.621376035963495 3.7858852851304996
1.9601331380179687 2.8663406863168377
0.24830776848322522 1.708073373123058
3.821983401555433 2.6906147935315317
4.763984638163038 0.22310087165797687
0.7551687234496463 2.949537562259035
2.404791941468658 2.0311233939948865
0.6982691064549434 0.5544084297956431
4.982468434264494 0.6610227213089787
1.3044581948761462 1.7766492323573546
3.661654599296988 4.692224616675796
2.034733849151393 0.5835585696012152
4.634518149055007 0.7972944834838419
3.5356639106353023 1.4102270907166314
3.5264059892526998 0.9796525624348229
3.8200126675657238 4.467876103552947
4.535814986311616 0.6656139319489213
4.845337506539506 3.2959792415881046
0.8521071781709594 0.060265515352389
1.8747227527392734 1.1014152785231002
0.6133645143236532 4.565541494302883
3.334609453200008 4.405035764419132
0.3551007090311492 2.614138478223966
4.25678534203567 2.99121255853564
4.266413018394201 1.479559498807856
1.1290092643782397 3.5926451856947867
1.3187614328465602 4.372629846900497
4.685234485948746 3.7820730371337845
0.9869915896656373 1.313107016152505
4.382989999227808 2.2195012038422544
4.551672469673646 0.7342480561360437
0.32530253315521507 3.57371347920043
2.684073922652787 0.25806006747559895
1.9941167538489157 3.587839265491536
2.1877935818534047 0.10030887581671921
4.0937189666886455 2.5416975356028453
2.1482348110464464 2.6550071467554885
3.5589052113523163 3.6379222525064945
1.0404814796961548 2.510584245773048
3.9020451628205093 3.877236896781996
0.027833820988581448 0.6791929558563464
1.656540193624954 4.064109534817414
4.640051238492379 2.744534469953205
0.015213399152549378 0.37341242442064937
4.019414394360162 2.358280051125789
0.16997278055886467 3.241370647211533
2.9177490596914586 2.1721662063086082
1.0088559900645033 0.9660346486787152
4.154614827128636 0.027878134003399557
2.0837347638576347 3.9519504133262924
2.805863661048547 0.7482642513841253
2.7775993658055933 0.008623476538362485
2.9929587793559067 0.8778215572769693
2.986058564542122 2.6354559878054484
2.522656331917899 4.522536093436143
4.80356928162922 0.9944908546995479
1.717658166870737 4.4985925215609495
2.1395954405561923 2.5697396146450533
4.8170987071502624 1.6617220625643225
1.8538968956120006 2.3256389669636945
2.405536276518924 3.8715352381065316
3.80734887567878 4.940617927256346
3.7642021252007822 0.7503712133840906
0.037460874857235815 3.9882979773995504
0.22041030672465767 1.6735378328359736
4.4187733825821205 2.4991220363820115
1.7713231937329192 2.4751401982376713
1.268488803928716 2.469017086761135
1.856963294144287 0.1798815428349887
3.9084003635313156 1.8237254003485148
2.496510820318181 3.181617064582141
1.3431415435025595 4.128629842218067
4.614180446751779 0.33577056932402094
1.7493883542592836 4.7185465754228115
3.2842416789598645 0.9950171748806685
4.713702729509108 2.4729747267309077
4.546357395031309 1.2606041130145007
1.331444830114643 4.132210623149803
1.139218742551883 4.080406601476939
0.4296222257904758 0.9976663367860311
3.244489790435632 3.0835018117408164
0.32205111090169436 1.051493160473091
4.402216285106453 3.1759393349725284
2.1156239545724502 2.4411970565199343
3.8488393605973537 1.857656352116105
0.7656725804683534 4.744339132968214
3.028153027285219 1.649470055125946
1.1797098762655618 0.30912433734838096
1.5939745742137506 4.325046822668182
4.847696915156427 4.466835774782591
3.3016999602524812 3.816336313013135
0.23899702458830774 3.060979815029497
0.6334726580052225 2.383651987385136
1.4039058084817269 4.720226253573886
0.49421589846077363 0.9422826058645556
0.8035167717444719 4.243223989895299
4.06185693871784 2.828576819639027
0.11215573023680925 2.8933812709338396
4.074597317040526 2.311941046038956
1.8224392981678101 2.3456517084022503
3.118751790327318 4.650652675196815
0.07728865461591627 1.1265118353827948
2.443335769623023 2.900314524451124
2.7964951120888406 4.440639684942227
