50
4.0097795503514195 1.4872766477303907
0.6166568597394717 4.120769355573465
3.9377438851316073 0.7236796313066668
4.394525467749293 1.806483942350618
1.0265416782180332 1.7622210396479203
2.0291388878344745 1.3323686373987504
3.7452193039766186 0.45265199506249076
0.5632118956419802 1.3583170810581013
4.22280420630211 4.348994870275742
1.0097533783474972 3.641925791022807
0.7192845998780195 0.9707016403824564
0.203625950374568 0.9056962763136084
0.5013665879867674 2.013690024147017
0.3356020606294946 2.658504087188261
0.83299896047699 1.6545938359031735
3.189043153869445 1.5783590518675206
4.8851340232570095 3.5320283940064847
0.16217508717006834 4.662300949757324
2.768580161738414 4.982288690059194
0.9050139263270307 4.56288529337672
2.631068692178932 0.024643664783785546
0.0873576340609522 1.4785068860271444
0.7038624458747145 2.901530834025996
1.6448300460379834 1.806977194952878
3.9523944409022596 2.9593581584003523
1.9746427294001245 4.220146440639352
0.3456923978757015 4.701751110933053
3.2381499645929974 1.872356305174447
4.563355474057346 0.8989020917632151
4.995665259554832 0.5136421947708392
3.498065837943991 3.9996309735307727
3.653247993960955 0.1895855624177517
3.946466892682653 1.8167014979028369
2.2362536225294205 4.789934529895119
0.2476848425332795 0.10787666624305747
3.879503913436108 4.7880628904810845
3.9602934350867947 3.410879315700835
0.273239794662431 0.6127706395923177
1.7717386403759638 2.2952700459110864
4.0544424950275335 0.8307048116703186
3.0986168793678566 1.9669316544663495
2.154973956558488 1.2856466063966343
3.518222204865156 2.5192712046676897
4.105682153515757 0.4272024602949326
2.6250979162426913 4.925894788019018
4.772306335900908 2.181384822344912
3.5614424036109815 0.522262887833892
4.36838031079911 2.377420044861668
4.669497112101834 1.142358552649544
2.8863545299601903 4.955156489818599
