100
2.2216725870597154 3.5028831415415578
0.3011475516628015 4.236678441953421
0.17779857529384768 1.6220014029039043
0.8250857444105758 3.3027881115957864
1.8411072714691812 0.056335668447533016
1.6974002822829182 2.3763826774641155
1.1734446623047208 1.0824015214451599
1.9029499609769318 2.667937583412188
2.8613667885269227 2.128181475793731
3.6846248055456785 3.733718309269266
4.209899271006272 3.1218946365279447
2.1484837620774284 1.557071552237745
2.1600250520727124 0.10085331187029034
2.6711050228324007 4.673498333894567
3.4590508795530432 4.361310844286354
4.751205370196779 1.3461285947620478
3.510095522741874 0.15048345594892543
2.9184967332154472 3.796303538696546
2.9390992712586255 1.015950730906086
0.021164844246336356 1.2479722280591121
1.064617154847285 1.2965838170774742
1.91669770726403 1.808679681870906
3.515985504091676 0.28774823554313544
2.248997294223103 1.075098752328469
0.7078010741231877 3.3574633609143327
2.2601768729239935 4.5826200902413
2.6836712856246656 0.39494091367565876
2.572027137247747 3.703419988819232
2.6640961921598656 1.1976467814112506
1.846433418625209 1.7617780329233057
1.896621910117386 4.488976650109357
0.691911652512327 1.6877591955207087
0.8960540926212052 1.799727109511105
2.8698722190156256 2.3258477148214514
1.1705514959118486 4.71917305017645
1.1213886480843538 2.423492138403553
3.120804786475759 4.511137853342609
0.6547014396957301 1.2859035880779612
0.3669590516234572 0.24701082072257963
3.407834998561652 0.3761762731718704
4.66845296377836 3.4437878894566563
4.829737509890109 2.3143251146841703
4.53419708372749 1.4294893936151105
3.2190689953696623 4.9833273030151215
4.062323517729153 3.99988652565578
1.412231834564865 2.3619043112903677
3.671548808476872 2.122936975679846
3.914106992240108 0.22614506239424015
1.2985336578020727 4.2137083681832355
3.4139556984336816 0.6072583849895369
4.532878476305434 2.1829937334038245
1.4142830381704763 0.5125541722622057
1.188612335587328 1.205884585288135
4.752151871260968 0.3438949199009095
0.7465340694284572 1.2209035561704518
2.9954821369087057 0.920652302015264
0.5036005693514906 0.6567622833424597
4.183378043433407 2.6297642058502717
3.0434235929296123 1.1573927350658963
2.518553034666582 2.7282702285435367
1.8369897125787649 0.8662198039645091
3.2107259565427766 4.291461032384399
4.452673203278392 1.9430027600561028
4.071543383787567 2.779448030089724
1.8071138565855127 2.895034524464491
4.973557740625024 3.3972927188828317
3.2571896898382575 2.82312340731087
4.727295676779901 2.2806953170940467
0.35837884544566934 4.6131913276926815
1.2494644095581442 2.7299002031182296
2.3632845768855164 1.7835832527790223
2.838904335968135 0.2438139841217235
3.568261744456771 0.46942575785288765
3.3178027364008225 0.9390336346463307
1.248656610189095 2.560594536430394
3.961788864225845 0.46768399794136883
1.4165584205543418 3.1267973958483863
4.673817842855172 1.362480770605189
0.4518164024922733 0.6504205280876441
3.3487832553562322 2.5084768369103956
1.460852132873166 1.8413804636215814
0.1407807383970855 3.4044758105370425
3.087203152947846 3.6365904189534963
3.183884702164266 3.296745282877922
4.394015757654874 4.915657177881253
0.17478126605707411 0.7150310200100962
4.798916090483898 2.0519295933190476
1.7661633752000372 3.137311964367979
1.6623741588309766 4.009462076479309
4.6127327151715996 2.366812682836739
2.0561757063847375 1.097943926509251
3.7496085816535785 0.4365244714414718
4.398004230453428 0.3539509846757971
1.2332253641844282 1.565126031734632
4.130848037302847 3.1861731870283045
0.4724671439743605 2.2450885927870257
3.834425039569629 3.5031659210903543
2.357116334179784 2.1401775008499713
2.751304514012014 2.3692882614180855
2.8542046695639085 3.6421559865507565
