500
3.0782188952429212 1.9253036356184783
4.9519867925754015 4.176301564856257
4.440737686959018 4.571177365791318
2.3442127784207942 4.046186934844764
1.576673676559348 1.7034443042463199
2.1855462256154174 3.26348078126814
0.8006523935859983 3.5019864721808225
4.132969130732592 2.2687011302117854
4.852860353182546 0.07152442155301197
3.2397096286783955 4.073936759034526
1.5115496991340083 4.938240315385042
2.755670749777699 0.5517058026386107
4.359329680455127 2.6715862554493963
0.6706499002480271 1.9624808656281145
3.7543106497947547 3.201825926918351
2.5207295105430063 3.121393188863619
2.309191876216308 3.5389279243685534
2.0305469788193857 3.193207538613199
2.1812369086901056 3.7175847428401037
4.057016544472622 2.8916553406138052
3.2953931089387023 3.1753834764067963
2.121100369635152 4.8157280475774
3.872382175636343 2.2616621793791536
1.0688577258006977 3.3898762713234603
4.355803327353439 4.0793033112899515
2.3512772258950987 2.376363956938543
4.270632708959364 2.5838801923238868
1.962892284481435 1.7910764399054158
1.6951606442176366 1.6705710365861703
2.2579537934313394 1.2310446238382944
3.698023841874798 2.4904821990970465
1.8188631124910186 4.591269794903803
3.161315638024518 0.48582268169705844
3.541484905232669 2.04742737320165
4.1122791928179305 3.489232527736179
4.8654392009747225 0.8340682484453366
0.46527829776233376 4.5126298971584236
4.189879152368378 0.8698445990514264
1.518654804801871 4.132451956290547
3.592111081324206 1.7586392183320236
4.545770674046791 1.8501981316156713
0.5619536909076989 2.834636982046187
2.288144785643965 2.2483782000491903
3.324739571173832 2.4231071758222993
4.559623919086154 2.516766394184977
0.974318616044132 0.07258146890884498
3.376947010301581 3.406279033901976
4.478555418024891 2.4719461032429138
4.6460125075473035 2.9366549901306587
0.42008954923783925 1.353495465276623
2.456657988465547 3.324267635223657
1.696065400970796 3.741640234171877
1.3687753261955693 4.77365566551456
3.389841516062993 2.211269469553943
0.34954950912048366 1.2954523728949923
2.092637559134621 3.5435619916343293
2.6174262043904397 4.254480175506163
1.5739270909633412 1.5629772579388805
1.40371892093752 2.561062159649165
3.361993762185006 3.3889951817829163
4.061342144753436 3.243074028589783
4.892680514687559 1.2187766147773649
4.478412368807162 1.8038324184416965
2.3946768190511785 3.956526211059788
0.23359099311544895 0.13079683810927167
2.2820546546332543 4.6206108631361
3.524885935482488 0.6557740150465219
2.8432480094967367 1.2100467231985763
1.3773186952026906 1.9809225390747893
3.43856652214858 1.2707538801011642
4.785760988032106 1.995992158110604
4.622581886037053 1.8946783283243451
3.0900565517298366 1.4076830329942132
3.731589490327444 1.8015320150680907
4.325151198987733 4.02914291909944
1.6258374023926692 4.103424317795335
0.3737799664689895 1.4113873836490813
1.5400622742864734 4.124821253357222
2.1642252631558807 4.395474877883127
3.0165368166603646 0.009859087098287866
3.0006388021502683 4.536328707758464
4.995688999779048 0.469742690827068
0.33343311425804045 2.389490452307413
2.3114069632780194 4.534001358188702
3.4143633389642662 4.779678137830949
1.9563716812780207 1.218779597727881
0.21860290476971522 4.2746992567956195
4.409602883709358 0.6083534614168717
2.1540815870520276 1.2671740005310266
4.165621407435716 4.944456287202831
1.4140162742741547 3.541541367811716
1.3503628180178624 3.3993604913368687
3.359543451306007 2.1516246966305186
4.74334195697581 3.883416708575698
3.079847754737256 3.231785062300403
0.3209208741727093 0.44605082143093167
4.945185244611035 3.069158182018332
0.19372338196492533 1.721195072438721
0.9108590462123767 4.878660211503747
2.8174362420162358 1.0864084810839658
3.980030863688107 1.7731779702922283
2.3208692569323848 4.597580622159938
3.989412499565211 2.1180503371755215
1.3753287046062086 0.22762044220495714
0.9711141686902447 0.42543546718020075
3.4349737022030693 0.29712919591139364
1.608152651033357 0.22509372974098774
4.876999189415679 0.6019706686728571
3.4008030716654334 3.4201403204737146
4.184484312346417 2.0462992720781688
4.874043481625145 0.32652939877962694
3.735810361374079 4.445843033602632
0.46187143120219376 1.3152737264100205
1.554593024861024 3.0999396033510154
4.573297183380323 2.384649589354915
1.0969100287601041 3.4563933780988783
2.2635848067856212 0.5163440031912436
1.6682320515638578 0.33809120624901434
0.042729751144980344 0.86402892416444
3.890425091486554 2.188076123522571
1.7650396199524243 4.78268076616653
2.2149660100559077 0.12589875279671925
3.468637802073358 0.628420369851802
2.1080735426650716 0.30668865517168187
2.4219895515523273 2.4596778661712477
1.6064897243794751 3.5763912802681395
2.979032528974243 1.0665762270660784
4.337362147284153 1.2462802447953758
1.217033874833227 1.4655653713147032
4.491264812296421 2.223178309904399
3.2018198489113714 2.524168063989005
4.10891978647287 0.5188163330598461
1.7951536617950699 3.208845790472463
3.657409790578372 1.413181541903585
1.3261587482116866 4.140473001061301
1.3603004609946634 4.478114548487445
0.4816406742716117 2.4822909064999417
0.9608209601881723 0.020383317191048356
0.24641774777724723 3.5002496329523285
0.47262993923445407 3.9653784225787625
2.6727959706137137 4.964920633179284
4.011169470527408 4.166490394319558
2.7192645946267446 0.35445267603653074
2.053360646969999 4.46742940423242
2.7809536720129255 2.276095868758345
3.0339063637641948 3.2010903995734052
2.067184796559448 1.3931136228792018
2.2505294225518906 2.488522470675554
0.8482496361946462 0.5998121670914658
0.332386054422551 4.784857791849534
0.9831215557012457 1.504401522105701
3.1161048968276717 4.258715785982097
0.3514289851010721 2.1233905733806333
1.7957077003181503 0.9724777316642069
2.1106358957337705 4.028592768520787
3.9348647559593655 1.4682050886527198
2.780749746827106 1.428985095214479
4.780946351839427 3.2217796551000255
4.357282959795134 0.4891841369312555
0.6682804890215566 2.261876700891176
1.759803413317158 4.6969478589301294
0.05515580937501485 2.3627141002426333
4.236730310622737 1.1442824738462893
0.026381445124236125 1.398607405760703
0.481776692821278 3.7297768428084948
0.7509527809724653 0.29512479505219125
0.3946707604242927 0.47259688263535604
4.089644524128895 3.0165121601763745
2.1099230843131185 1.789431082264883
1.1465159956070747 2.43160977503814
4.381938798399308 4.702396636661278
3.137293612900487 0.3014386745203296
3.7500361493347247 4.98670009384915
3.489386174565596 4.287529658944126
2.2627315627701936 2.205092396598807
1.8590212180884698 4.00025010922592
3.7337158701930924 1.45462770114683
3.0866401458711614 3.6297190539308355
2.333554175391008 2.438107580864661
0.43766171989135016 1.2965904075063568
4.960338151170865 0.45306725377071255
0.2747781057973919 1.4517627171774166
4.326412782273358 1.2162866162479913
1.7919830310758638 4.405051965756035
4.980356060823881 3.627736547496874
1.0930166997088708 4.908458790385409
0.21065376885542275 1.8914270055181932
4.939351723283021 3.3256469543823104
2.145420382965507 2.4242368996415316
0.2371743061223358 0.03519472654502531
4.780371981483069 3.06064510515455
2.568381118100424 3.9991106702086543
2.034322435800655 1.8175371557714348
1.2955908668106986 1.2192420281859118
0.4909791454964596 4.814245369821126
1.771228988346933 0.3748943327710702
1.929538627329543 2.720225656981304
4.6087628666531035 0.4936097622234942
3.7431378658728964 1.1675408629822126
2.3459521696278953 2.3538529424568297
3.7393862931768047 4.822085726533433
1.2968794030209558 0.35934024924876573
3.874078264764081 2.163652062688561
3.3311444038988873 3.70578507474589
1.643018958045512 4.680958620707319
0.7057598569694451 0.2070931992471503
4.142731523340107 4.987213999479129
0.26394883767159816 2.906431793516079
1.5878102930452154 2.0389080657121577
2.372571238889373 3.2578482018311314
3.806152860530909 2.4875698592229023
4.897453581442678 0.7266490946046178
0.9651038070193696 1.4303933485297105
1.7235006342137122 4.555711557646584
3.086696277846528 1.3126130188231933
3.1001771251853683 3.4525684579293543
0.6494962215428579 1.0770419745072983
2.46715462919062 1.3093413816614459
1.8659688833963788 4.3756010958166245
2.0119834981211597 4.778621926259085
1.1733139575455835 3.517665849305292
4.295891240034666 0.5549371626972527
2.678055960465138 0.10495378569936875
2.254828310043689 0.09470500070389076
4.746015402383228 2.8480341211019686
3.087632497098602 0.1237401123998183
3.798236413527911 2.1997776956642454
0.7396029066633236 2.414722706777881
4.568479575251889 0.9118716065106036
3.4307325154601704 1.46950281068523
2.01774193861431 4.266865427342897
2.250782279748006 3.0430146831095546
2.9783322628995714 3.666357660988196
3.1906748581832796 1.975758576921271
1.7882841761845318 2.9545989202717236
1.0423499907023115 3.6266483311333215
0.4506561621964611 2.064324856598212
0.14076704065872858 1.7513287016459411
2.520802929425314 1.5126413796164657
3.392122043778211 2.6795369321212625
3.0619731053426507 0.6897154797204369
0.36871716852039216 1.7354760394257633
4.767502001884854 0.7432946158381848
3.679088133037812 3.6535481353011052
1.5439990411673294 0.9654249066488901
4.362395685851937 2.6374710067301272
1.5766611791901652 3.5069922324607816
3.4097537425408713 3.1996538466168554
3.009489405641549 3.9721750065145516
4.484994305190208 0.8054679484258437
2.4552769013445648 0.9434488292947874
0.6489885313766292 4.614719124564528
2.3346850097754546 2.9905256551621644
0.05793813889078625 0.13564954982230593
1.8675579806991922 1.2797300412022183
2.8391894306217713 1.3030565177694597
1.7768111558935824 2.3713565534492758
1.0620569607774022 1.2962834917298471
1.981126138062952 1.2468173035739833
0.2859041291052822 4.1519664487552586
1.7220784707380892 3.2056261652729585
2.5454936051583092 2.218098045962347
1.9824858884713965 2.998955324741309
3.273623551467721 4.230133031211293
2.136401720242371 3.1014959882099107
2.5275585345604927 1.7296421343993034
2.747574516615871 4.257863501976073
1.0413996075197074 1.5750893407647109
4.191906685018992 2.337684069483802
0.33443167476683855 0.14993874074706037
2.357309759133015 2.487149501505286
0.9158972091274503 2.914547305480908
1.461180208690211 2.7511749839163984
4.258083979911519 2.0311079832623835
1.4547306424393964 3.759924658382748
0.5325065463168904 2.7853945641509985
4.632723723496353 2.7118437072608814
0.799753419709735 4.103455061653952
2.2497773721591545 2.4887488426189996
3.289805031032473 0.010908780609063529
4.390930954603601 4.184060487286264
3.3117981108534345 0.22924740895483742
3.3192698184921605 0.7988717160891118
3.272098839096298 1.3375316922220548
3.2174401250242224 2.939025627458575
2.6306717808421816 0.08632939533350648
2.697988393115649 2.274997681223605
4.001783500665628 4.957817679850302
3.8826488075074246 3.984217607075835
2.436888951148802 1.5061464551063763
1.721627039519242 0.7375070069315576
4.739450376778035 2.3645044711993752
2.552979136440494 4.084409733974235
3.147144114435804 0.47335030238031983
0.7986897443516372 4.226594167668511
4.767808597909041 0.5840062355782422
4.269373896476596 3.280393934975569
0.9596218075999585 1.5423238795877936
4.570042691733293 4.872826822756284
2.3124358678506924 4.707417764758174
2.2913756368588043 0.6207149363180209
3.3139570683722406 1.9602242788017077
4.996995438893977 0.3774389544485329
2.8111381492647687 3.9404478975587915
1.6653153307774864 4.451999060051818
1.5904274914570948 1.9511851928356627
0.47459839768162426 2.5912118987924577
0.9322509332895029 1.1893576948427236
1.3042105921211167 0.6769990738591519
4.505145410737933 4.8554975800559195
1.5771575912024223 3.2147879879883057
1.5221651602773072 2.543944369436928
2.0750598051446785 2.6817563534946705
1.276742219027991 3.8347818204696815
3.7857148465656074 4.592765153287106
1.737995092055467 3.8182770542796978
1.6932460253502635 0.30252542401907057
2.201413235359037 1.921573169917653
1.6707030480484408 0.3477641764148304
4.28040235728359 0.856466625151881
3.630004991085116 4.446042186578588
2.942264834811837 4.0774933712876145
2.4192642029428564 3.0877830229732655
4.242943432333963 2.891535952376639
3.250711896843628 1.6892689950636934
1.1074000244782218 0.384381620266821
1.5361834750290964 1.8601367431751186
1.9666944865636915 4.23746041774378
3.0973520266554164 1.3588069911750889
2.9345594977092713 1.4455739986475469
3.4361001104743982 3.951785550695312
2.7465137336489027 4.4320698728172365
4.344061864305627 0.16443344210835764
0.31916357022284847 1.2008920275087527
2.7038674161158682 0.6656853669635865
0.1578039391981667 3.470219828695515
3.8930933822741123 3.663746952423999
1.026577973508795 4.806364266735436
3.0675538958590662 1.8986403546278803
0.20287351881208116 3.2995311093835493
2.804792672439704 4.281119065738885
4.527171163078676 0.10293168587609425
4.9933804498353975 4.715905681926598
0.7220958689297896 2.7811180201482353
3.9080672477498584 0.5466887055977276
4.397232868638975 3.0950250383914435
0.8011843848923905 0.2513651448506532
3.8813302703952774 3.5512744549835586
4.5634076178289416 1.7662589095754022
1.0108639829074129 1.0439930540619347
0.8243694429793663 3.2831581889316768
4.006920631950834 1.3096683278471488
2.939871016483403 1.4457085240680363
3.1773749895874053 4.555031431164812
2.27875003714448 3.8294918868686723
1.5720522456190804 0.008528749240510614
2.583013446736831 0.41002480015540854
1.686206079483899 0.8592659052088003
2.3781498745277374 4.491696392091087
4.4131181531734915 3.935333759671993
4.795365277913949 3.8699240044213323
3.4040369848772034 4.498298069930041
2.714174558843547 3.2851430278490446
1.9331270684288309 1.79660412409733
2.272411639614771 3.2576808906467885
4.74694561767792 3.6251231087280367
0.8143349454068893 0.7080725591126913
4.35926991389682 1.5474066325964597
3.6546154229458248 0.20762278269092327
2.9788862819768873 1.687658118502831
0.04051887340553839 1.1722805089896244
0.027726134894581755 1.0747260839342694
1.511284793648111 0.9725909506186803
3.7005318121529998 0.5559449641941511
1.309083901167195 2.0500073321408134
3.2370973327547308 0.9347075231743945
4.863674628339005 2.0026890484240667
2.7175869824648915 3.5091286642245025
0.6594149331964405 0.13235978265696668
2.685232640686022 2.7672164388434255
0.4184738618516348 0.005242272826284644
4.853417927259949 3.1208081656592213
4.9820621002100385 0.1494767019471055
2.115073131081858 1.1571552723840433
1.2146132592334158 1.8825121469782853
1.5811333015052216 4.418020783384595
1.884954030374023 0.40923689784512607
4.754857756123377 1.7170510335018863
4.364910246849893 4.17205443949517
1.5707365857082571 0.20071660121307788
3.512055984454409 4.092437531118243
4.265232690682942 3.045256583392812
3.9256937828588923 0.725004524662215
2.73079032473235 1.2759969993126448
1.539748005264085 2.201292113891715
2.293805678577428 0.9084407978302489
3.1380889046999942 1.87277438575288
0.9989663773482416 0.41654821636277817
4.382070508763588 0.17541149761241048
3.124486346484968 3.44578958606731
3.179961080330468 3.965513027652548
3.0502123105105774 1.825231874908031
3.210242851043272 1.241249179350583
4.06432224249961 2.1256976540254735
1.504048634370168 1.8362613217951618
2.4995947956338065 1.3789179438651993
0.04163610804872708 0.3174423733001891
0.7091576838944513 3.552273675182676
1.0878490732497137 2.3190656376772685
0.2739308315973793 1.4578282176422848
3.7129586610235723 2.4404979256798787
2.4156493168513684 2.4753591368217753
4.330999247352924 1.266391351360669
1.1871888281749503 1.5461244112397554
1.7045375287256104 3.5051570575050315
0.23229882484367914 0.4147920833984309
0.26692977378154403 2.0001959257323696
2.4667738675166917 1.6463533604499974
2.878225660234163 0.8259944218609544
1.7380526326764312 2.192510833624119
3.6971715864544503 3.1197318075220832
1.4985063620558559 2.7452625763352465
0.4643787863871107 2.2507994347925653
4.573029934871548 3.6912953609785957
2.3815422942230295 2.3614350273451223
0.34381797564971617 4.668943376924836
4.23500234717822 3.2107867108327
3.840958525004943 4.53771613925645
2.17093056697066 1.2000124006730106
1.6134307510317076 1.4952627191297037
3.7144910537020333 2.710517006732476
4.360743015846296 4.089579232516695
2.2822451071785226 4.444467754887093
1.1254467362322162 0.8916164565062468
0.17146361840351843 3.0065824327281234
2.940478245112165 1.90830147318986
4.871609252193724 0.9969199044518201
0.6507199112006479 2.510303109937091
1.3682302986811719 0.7230974582956085
4.067196828679173 2.4184537800185475
0.1994481480221738 2.477488937379731
4.528696433658708 4.356185334278548
1.867809720596032 1.642241847176051
1.877433147948705 4.196391012254386
2.8824771133305305 1.6572318993632562
1.4523334179029324 0.7049267275148741
2.94913584223527 0.49376674403530607
1.1894705738129168 4.574151349780468
3.9932868020068923 4.531270172502369
0.5418138776082676 4.491912333403579
4.668284262283983 1.6897713775505512
1.6083776404089634 2.531524820340563
4.097075033098124 2.9560082918171786
4.390989920153007 0.33225945573671256
4.262619569324269 2.9720860124078925
4.2466392800353 1.3953746016848019
2.334246494018753 0.0999440655663053
3.269301730759153 1.7358929864090689
4.722311280581747 1.5333983961427222
2.0237406287821247 4.138221708066655
1.614503640296319 1.8536430181065695
4.725005609138898 3.223020226143042
1.3497116742205124 4.687493741952336
3.3032610753383205 1.4203631104172638
0.6419997834194974 0.25467015399939286
0.8333430465140607 3.702152393929992
1.4011830870138964 2.7797799980985145
3.1470266867508108 2.767359009860101
4.2334825029857095 1.079769883329117
4.345707302938379 0.4500218354410507
0.031030459891608353 0.524341942526042
4.8829338620572855 0.6321683815374696
0.5246586365717432 1.310504627751371
4.580633882075944 3.3934148612203163
4.459273169424537 0.6610078842366113
0.3009849587756419 1.5002742903698962
4.673093553426444 0.14013936866351717
4.446875908492431 0.17667007082115715
1.7770741369934844 4.247480073272154
1.0796406549905646 1.4927668411533546
1.011261053877206 3.958733360330224
1.8420289346129515 4.091222191586471
1.210050273132034 4.6301863841826
3.01906754568301 0.12685943734273897
2.116576214610877 3.1181588680339405
0.44533414760628776 3.9402201564093025
1.248399315236031 3.0757126474534875
3.2137384230664456 2.361475102501489
1.6433783168127236 3.798507615098222
1.835951803732367 1.5029569423091345
2.3934789347239938 1.2315855026186524
2.9751526059623035 3.883094195334987
0.1943289177472307 2.4871989533997803
4.324407051112566 0.5021521576287274
3.563431610165974 2.072311683910349
1.7786455453479455 2.9285240481638293
4.334246501174527 4.611442933297927
2.715120926061048 0.025157167350290388
3.2385841791649654 4.852434723088489
0.1627504738333596 3.3476727013854317
