10
7
8
1.035 1 1
0.159 2 4 6
0.087 3 1 3 6
1.361 4 0 3 5 6
0.581 4 0 1 2 6
0.799 2 3 5
1.969 3 2 3 4
1.242 3 2 4 5
8
9
1.983 3 0 5 7
1.080 6 0 1 2 4 5 6
1.876 3 0 3 4
0.877 3 3 6 7
1.066 5 0 2 3 5 6
0.064 4 2 3 5 6
1.882 4 1 2 4 6
0.069 3 2 3 6
1.611 5 0 2 3 4 6
9
10
0.287 8 0 1 2 3 4 5 7 8
0.016 2 1 3
1.400 3 8 3 4
1.151 5 0 1 2 3 8
0.332 3 0 1 8
1.907 1 8
1.125 2 2 6
0.036 4 0 8 2 4
0.067 2 0 8
1.128 1 8
10
11
0.476 6 1 2 4 6 7 8
0.294 4 0 1 9 7
0.128 4 8 0 5 7
1.956 4 8 4 5 7
0.336 2 2 3
0.263 1 3
0.114 5 2 3 4 6 8
0.384 5 0 2 3 5 8
0.624 2 9 4
1.623 5 0 1 3 4 8
0.466 4 8 0 4 5
11
10
1.395 3 10 6 7
1.921 4 8 4 5 7
0.330 5 1 4 5 6 7
0.697 3 9 4 6
1.300 7 1 2 3 7 8 9 10
1.528 4 8 9 2 4
1.616 5 4 6 7 8 10
0.648 7 0 1 2 4 5 6 7
1.119 4 9 5 6 7
1.069 5 5 6 7 8 9
10
8
1.895 4 8 1 6 7
0.096 7 0 1 2 3 5 6 7
0.830 4 0 9 3 6
1.716 6 0 1 2 3 6 8
1.920 5 1 2 7 8 9
1.765 5 1 2 3 6 7
0.413 6 1 2 3 4 7 8
0.255 4 9 3 1 7
8
5
0.591 5 2 4 5 6 7
0.053 4 1 4 5 6
1.607 5 0 1 2 4 6
1.228 5 0 1 5 6 7
1.670 7 0 1 2 3 5 6 7
7
5
1.329 1 6
1.986 4 0 3 5 6
1.572 4 1 2 3 6
0.307 6 0 2 3 4 5 6
1.197 3 0 1 5
6
6
0.526 3 0 2 5
0.914 2 0 5
0.523 2 0 4
1.018 2 1 5
0.262 3 0 3 4
0.794 3 1 4 5
5
3
0.467 2 0 3
1.720 4 0 1 2 4
1.732 3 1 3 4
